0.4230159740606886
0.3930182964443182
0.0367011498519196
0.8840195943773673
0.6764801094681256
0.7782574330305314
0.6657209955408584
0.3430001601118385
0.5067938759175258
0.1287452789346374
0.1616173003740751
0.3240685824604089
0.6436847948568567
0.5995947435775838
0.7752601510569196
0.5321571577709523
0.6756709240606759
0.0438837821614561
0.9332979035863400
0.8461870559445026
0.9366146469037110
0.1736250345188940
0.1459733374010973
0.5402440951797174
0.8387185212852941
0.7383780967954001
0.2586255525718275
0.4752492544446619
0.2353598082827164
0.5642302207980223
0.5675323023096872
0.0831199142975002
0.6328166653967106
0.0970303069959068
0.0279045403970989
0.8551295302349824
0.2484471573573186
0.4651003039385393
0.9379609054125054
0.6254134424458074
0.3726058416144361
0.8518415425684805
0.2145745971073305
0.4882623891264914
0.5657387454622381
0.5858263532339065
0.0175098720405649
0.3769674692499971
0.5148927956237116
0.4578472056109876
0.8219429602435223
0.7229411275172081
0.9321631899641534
0.2237807903638722
0.1562166973534116
0.2032190147218410
0.6563779114039339
0.2516840984791776
0.6645693006179414
0.6833519242476142
0.0813263440899463
0.7400104252451243
0.3139644497146654
0.2211204108580401
0.2588119447903539
0.8962967906794819
0.6051068621755398
0.6497131431645633
0.2171236935665116
0.3599631020286171
0.8104830218711928
0.3401752300590880
0.8126506592748242
0.1999848151271016
0.7323756048755443
0.1168109859344199
0.8223853692059161
0.6727120137560215
0.9573177992430451
0.0295221183372950
0.1318570664557516
0.0272746181952364
0.0167502720931184
0.8460527690675694
0.6314250698885029
0.6437639479058388
0.3761276808395609
0.0532979257169177
0.4311872115944865
0.1573670978366749
0.9345952411135334
0.8785449901314900
0.3009191814885348
0.0173275638915749
0.0209256520069041
0.5288388013605683
0.8231548347083265
0.3423225331840494
0.6574451127808252
0.8579826156069781
0.6362228077999396
0.0061296654438135
0.5511406877728275
0.1748495574061102
0.8000638517416826
0.4123724262263494
0.4391995401540530
0.3039093404952342
0.2295553898423317
0.1599544701447364
0.4076757132445106
0.5375826126440415
0.9009395400115868
0.4019462599488912
0.3217532719528812
0.8181748001564971
0.6961918568146248
0.1147842038551767
0.7073326060258878
0.9512020906108922
0.4972085161815811
0.4905857457466850
0.7235747844918554
0.1998569980610196
0.3670040114173970
0.3169212541327383
0.9958832336722021
0.1616182110211226
0.1739544135274231
0.4609067937936040
0.2743118984320767
0.8706773465102912
0.4364762173214053
0.6848970261788851
0.8182028408531185
0.2720459669440902
0.7327375668045478
0.3990971696833985
0.2545194131509867
0.8901088161466822
0.5650347756293455
0.4963316261693913
0.1806030017854318
0.9016406208919961
0.6378419564683975
0.9476236617245631
0.0443273606754345
0.1166246680404719
0.8773540622465601
0.4517641645648809
0.4669780188527075
0.2232811413870421
0.4884275714071183
0.4385230038465303
0.7208572381056847
0.6354844420706977
0.7989852049847411
0.7831016057411478
0.4215176542729612
0.3014841202503911
0.3267933397596370
0.9899406811321418
0.4092321086107146
0.7554664064249725
0.0827420900902710
0.4295650318128535
0.3288717551263808
0.1602132483636448
0.0238735363216243
0.2519486005713539
0.7933216509130239
0.2974917351395275
0.8730175242571075
0.5788476881464825
0.8047356901730944
0.9993625921924503
0.6405632310340507
0.3408796077067189
0.3100244436352708
0.9726876435305546
0.7145674955791715
0.5025029560999064
0.2140761630013970
0.4898955821307530
0.7621399220077997
0.9747167655297122
0.6728098178853031
0.0246357636869271
0.4651741417475715
0.8276772135537438
0.5105174554693385
0.3441074128765489
0.8611049333119578
0.5775918856880846
0.5043912504251996
0.4862877514347786
0.6814940536098871
0.4552827605969003
0.5671198321066371
0.2885154866409729
0.1718653644422585
0.8200532907220214
0.3191975580319648
0.1256645924903673
0.1842620318153776
0.4126620068098201
0.2854268852966763
0.6950827277247662
0.3499008752528742
0.5858500211227085
0.1671105659539587
0.1365851420545938
0.9063107347080788
0.8645861840477859
0.8977341855711685
0.4934309435028772
0.0704370566482752
0.3101871916672818
0.8814019942620374
0.4225041721720059
0.3268673774931555
0.2954968800520328
0.5494434756579205
0.4522772106797265
0.3748896130039177
0.4230435580519630
0.2666646987931223
0.1918228315257547
0.2018483298436022
0.0383444119519366
0.9456039141124151
0.9565039810366059
0.1028859194508539
0.0738130053843671
0.4162666108725731
0.7639445085096405
0.8260359691352990
0.0213896984919950
0.2833023774081046
0.5353062444127631
0.1350956229051389
0.9699898478600837
0.2512948138027649
0.5313723258499536
0.1096537295080341
0.3389059974387908
0.1231112571551062
0.9118468307009557
0.9498615801387259
0.5413205360183231
0.3498480303619036
0.3234915914223134
0.9236781555181758
0.6193381903305242
0.4095925433003244
0.7715480656589533
0.5352895752506502
0.2179721580876680
0.2384909415608710
0.2752033858558096
0.0160075946073520
0.2558135066789722
0.6113306672105218
0.7533845705882340
0.1134305826189836
0.9722456143963153
0.4887496606996912
0.0622420682969180
0.9399763270049181
0.2716726401531052
0.3097126492790158
0.4593459833794837
0.3243722963338590
0.1776781205688716
0.1271288035003590
0.5096850434500004
0.0705300692534077
0.7098341667851149
0.3418862700265386
0.9926241688653736
0.0628533993286235
0.0485717586756854
0.2518090372140136
0.3516111157299057
0.8132466725026016
0.8296738503401292
0.7235859001401828
0.8257271825924627
0.7283428893790872
0.8730035061778422
0.4645132030699697
0.2764381710471583
0.6294583172894493
0.3645689542672232
0.0676431836032133
0.8558361157462834
0.8340959163664843
0.4963127334958564
0.4660161082167594
0.1188673112574622
0.1258975493121613
0.7977585777948527
0.8540099266507536
0.0056815228731603
0.7839014335527925
0.5359701755927926
0.4373512621708552
0.4754928077639184
0.7130496122011349
0.0023902123445145
0.0626925355171708
0.8413351957413163
0.9976510882921600
0.2415847674214684
0.4001174374378862
0.7019477920460440
0.6647836693338888
0.7837334637794494
0.9141216949711024
0.2640701107984710
0.5270755069160735
0.1404939886415523
0.9703112609866248
0.7573997034098944
0.1873508958130266
0.7398531426611552
0.7988337764836109
0.1364485584877566
0.4992305558028003
0.8227375455683248
0.3471704272748436
0.0504749385730686
0.3440812074724134
0.7819793520294113
0.1003994560329032
0.3102475539681750
0.8535834009290718
0.1619353208851126
0.3886519917335616
0.5541850784747978
0.1779392215513712
0.7006541305160464
0.7813069015320554
0.6345837177674818
0.8618076613583707
0.1307011648602364
0.0032949840090514
0.2669402897250172
0.8400355344875978
0.1269731261142912
0.7638424230381606
0.9293006330832912
0.5607721256976035
0.8830393293255678
0.2481045431615141
0.7228217824071539
0.7801329649375109
0.4874946992489134
0.6027530201470152
0.0888947502968758
0.2763366528133239
0.0767943884108598
0.2394409517933149
0.8925718087484399
0.0308458933059599
0.4968302256634183
0.5226659904161615
0.2857724887494119
0.7816234180844233
0.5895437924925583
0.1952449632865101
0.4711863352417009
0.0233684380356640
0.0179067064903314
0.7348860905921962
0.1722639791110152
0.9684821212263958
0.3582103223064702
0.6987160784117401
0.4624760049238342
0.4094622494634507
0.6679356828446125
0.6260572358036670
0.8768632296852503
0.0844213438028480
0.5065547609928246
0.6076850301411930
0.6498505258181574
0.6254800580344795
0.3678437673781023
0.0310770906954319
0.7134964042124247
0.0438394249015756
0.4707144029441120
0.7191231992555109
0.2735115964276424
0.0278005759503950
0.0927204808142936
0.1391060838780612
0.6650980590139349
0.6535305278348419
0.9783980577738086
0.3238777815592654
0.1313707737135094
0.1725314855000553
0.0321633758884678
0.8238782863721733
0.0761552769609141
0.8936600867088017
0.0484372832309287
0.8133118767916104
0.1957555495548701
0.0230831239433883
0.7015452605993034
0.0026500499666162
0.2976698473716347
0.0570927049047301
0.1213667843668479
0.1254104524606718
0.7231903414713658
0.9721547475599581
0.2445866905302090
0.3989061940583977
0.3743897839387306
0.2567971927290652
0.7127037740926966
0.2713124543021124
0.5144146143399662
0.1297502737098724
0.8479630452834853
0.6873726724323947
0.5387586033241427
0.6140854752825763
0.2243697762950556
0.8440558354176823
0.1224092208146462
0.8811524195925707
0.6131401474975386
0.9403708453480304
0.2881630252274903
0.9353812922730764
0.6383069289693348
0.0099883070019378
0.1028910964760574
0.5928675678050754
0.0950799814492205
0.7478767060735356
0.6719712824968407
0.1873416198671035
0.6369255753754686
0.5667196804514288
0.2463344211414991
0.7075631364039892
0.2513071845941675
0.8647277198894212
0.3962423087269388
0.4952703677324174
0.6613270109444636
0.8829653545286587
0.4561673032215011
0.6549007749382078
0.5968493900966979
0.0721517844380558
0.6328904278371607
0.0463670500853988
0.5056109770572883
0.1065271746070020
0.6086780561673750
0.7209840319640695
0.7857804117573426
0.5900111610933307
0.9892978413266184
0.3598985456675260
0.0113312701100988
0.8184215280591177
0.4523327063091390
0.5425834366806679
0.8470039024253156
0.2619899481895035
0.3267480368465371
0.0967102259797060
0.6817919006957580
0.2129948655122388
0.8532377590330874
0.6102720415402310
0.9113654859760651
0.0609949114151634
0.9917084499507086
0.3977930104182532
0.5456635297312489
0.6437340643706682
0.4852783158845794
0.5278883377834641
0.4171556208009201
0.1868833450652077
0.9694428356995909
0.8010961407660310
0.5978915843193403
0.0565818479006812
0.8947236448737156
0.0774055612854800
0.7821817055396763
0.0588318008197714
0.7612674397416903
0.8445766808524380
0.4497496856709089
0.5545886733696385
0.8375812692828430
0.9706873138089461
0.0177676557903899
0.1297873626807092
0.8641456152703272
0.6785484568432666
0.2723641922117066
0.4451266633337436
0.1111728823465821
0.0286809157266846
0.7319851416827065
0.7240719758396206
0.6942879548101814
0.8844502367578939
0.2866402706198420
0.4236178221807529
0.2505777527883108
0.6253077402362931
0.6370169309855918
0.4077774828689158
0.9351310200857955
0.4885499538524906
0.9176463544287232
0.7304566504221369
0.9386526997953898
0.7577009746026708
0.2246927841837320
0.6896640297361497
0.2384393181833283
0.2906129192515939
0.2214450747415571
0.4963746883638398
0.4340163427921090
0.9071358931092789
0.5931304347856693
0.3597727583851983
0.6233518122345786
0.3415329460273725
0.8363172208474314
0.0890844045630254
0.2187130168299773
0.0940504019000445
0.8671561414079116
0.2720667755216929
0.9947292111657855
0.1519035782316750
0.3241684410655818
0.8933257915744885
0.6353927219994607
0.4948073231699341
0.1638229464145197
0.7909230716689933
0.3330225925292390
0.7531076119896354
0.5828052740456690
0.6166701918512677
0.3252801161901929
0.0750470777345513
0.5953222178199484
0.7434976965794154
0.5760647464565501
0.6011592752505873
0.6974191292146444
0.0447987704781102
0.2236876458158324
0.6138642125231180
0.1356192205369098
0.2702877184043935
0.0450126215753751
0.2152846189513056
0.0115991664295833
0.8183061499605255
0.5877566450113927
0.5466924780389606
0.0056166228552527
0.8501241687038745
0.0000678383122751
0.7873183338497396
0.2189513660725668
0.8202024659498446
0.1291241358478550
0.5473399022851015
0.0294531438423339
0.5546508163422408
0.1330054168729338
0.8061043969407954
0.2362456824396761
0.1159366716272068
0.0304152066739692
0.5741442917259318
0.6619698758725420
0.8948310112144583
0.0617715543438977
0.3919139333661760
0.1630973396118257
0.5022051883976809
0.2384182215558911
0.4110375452393638
0.3686180590409367
0.6900031474839624
0.7419086239334284
0.4246621816046782
0.2440079109231127
0.7946558140656756
0.8479530198837067
0.5400170240391531
0.2495693687076687
0.7838963419667415
0.3560342379787488
0.9186949485562673
0.2667208947931733
0.9402602806061974
0.4279137690684461
0.7532748672608250
0.2088937949093288
0.6248016733802513
0.5821986367835286
0.4203056905158409
0.7354297316080869
0.8179782280166644
0.7272714231228369
0.8130979401315818
0.7451852797274647
0.1496490197929710
0.7724027280771865
0.1906870792316816
0.0992222437906876
0.9016464737641299
0.5982363366559436
0.1764866288049530
0.6362110999972040
0.3328482639965916
0.1415432534087945
0.7994854652358370
0.1099865983606174
0.9624531317035261
0.7719341966941070
0.7122264819769908
0.2391486166920993
0.7595909865651878
0.0225494447425514
0.5538685007984921
0.3107359823437748
0.8322909163147547
0.7613209261155908
0.4878384711252098
0.4723560836261856
0.0731562416344185
0.2346696523692644
0.7072471952246225
0.0656383692045543
0.7872536995278601
0.9795563259594570
0.0790858585108434
0.4578999259295630
0.5790229532912472
0.8129033781355859
0.1500776078280845
0.3601280198216873
0.8355922306587540
0.5181868929115006
0.1634760035872408
0.8694166722960064
0.9361242306713259
0.7396646388750592
0.9736636659835913
0.9265272223577655
0.1214035312624405
0.4092530611082431
0.5968889462378932
0.7323863597285489
0.5350636071747467
0.6491979644697348
0.1168053609658508
0.4062947815425070
0.0068571239610031
0.6518494914001307
0.1644755468475712
0.4039660628191084
0.4986492205805760
0.6663790713965395
0.7632400018456484
0.7151021675348790
0.5678197924203544
0.5287720512165027
0.8568999395820728
0.8667809775383798
0.0618793691606226
0.2701449145829546
0.9216557270075759
0.5926522503123851
0.1346609969716646
0.0711318465902494
0.0944318395922521
0.7698401271462860
0.2219870594290110
0.2429586191999028
0.1305968218700365
0.5996558546139212
0.5138779460013666
0.2815415725705965
0.6581244952091065
0.7777836611270600
0.9795947008232686
0.4787124701108675
0.4129846647382402
0.2921752060064091
0.7846006457114193
0.9722127854175691
0.6004246094768940
0.6423162965269836
0.6891359057574544
0.4232839302107051
0.2203473155239900
0.2561199505411985
0.6171992390105352
0.6376484338052582
0.4619122650226161
0.0433400872082398
0.8772345302565984
0.2443142749119667
0.5810323537330874
0.7386702475781796
0.1843394845897519
0.4732933781305753
0.0013381243120085
0.0474431469419715
0.2504898085002500
0.6587229098097130
0.8866752584989382
0.4244864996412998
0.0250380991427902
0.2927210119287639
0.9570016261126340
0.1112194850415968
0.7557081414382845
0.7473276157714563
0.5899232724710908
0.9308893236742931
0.6421500702221575
0.9665056759630619
0.8261317996898732
0.7940454617868473
0.9510511751718046
0.6170422735758531
0.3223496793561093
0.1036617409207400
0.6942646397219014
0.5232791357893049
0.3854479418077355
0.9497462735855514
0.9124280548694377
0.3779485236940520
0.9454880190506392
0.4320206384144463
0.2061392795563426
0.6206508264031539
0.0942480425451399
0.1526656450468538
0.8142730192628002
0.8191064805580084
0.2406137178203287
0.7468627611582296
0.9735704871122578
0.9578415701082185
0.4445223756533518
0.8639061274811171
0.5571034481203249
0.5647883960120402
0.2392705055213318
0.3842118950264782
0.2148732199403998
0.7424512207101792
0.6405915614123198
0.8044753382343354
0.6198783338227911
0.2771842592441998
0.9525265517415080
0.6507108300118994
0.4763373142367811
0.7775741660017784
0.2546266523254154
0.8108319710217978
0.3382938287671109
0.0746557161051939
0.7828785074978961
0.1909588593202811
0.6443009647452814
0.2697862849123395
0.6854485626905010
0.1260982908597559
0.6239080860182984
0.1920188147477689
0.5033594993505394
0.8727006471217924
0.4754216222520101
0.7720664536067203
0.1464484294729486
0.6571527876943224
0.1519803811191149
0.7685653987744595
0.7140610487369373
0.4024065768124598
0.4700402373708048
0.1684148568062808
0.6355207885567611
0.9126864813104628
0.5604271253349854
0.3151565717883692
0.4094461241212937
0.2182782819160998
0.4417603903659446
0.4951286116750181
0.9407451241852399
0.4299042769749649
0.8622536581106638
0.1668265414570551
0.5451705167445537
0.5907787707904674
0.5937197882326726
0.5021513750546692
0.7671471711077587
0.1728647148273210
0.0681044921116782
0.1427199340119737
0.5632315224809749
0.2497230209695116
0.7385364254847122
0.0628559154651683
0.9089943744580901
0.9517119503796150
0.7856510463737126
0.8779532801909276
0.3783430899850714
0.1595952226310132
0.1999484804184911
0.5012724303618851
0.6613856040318109
0.5687898308228008
0.1049391007581751
0.7272412167354457
0.7889954824262485
0.0295249117340294
0.4588983984524672
0.4377919203207995
0.0672194107225388
0.1767692373538022
0.8149909674486827
0.5846411086404351
0.2189040545165508
0.4584029671985460
0.8546186559940231
0.1022914546542418
0.9554823485106959
0.1414299640810371
0.2907461368340890
0.1814815787924674
0.4695567431176073
0.3105620344142338
0.9885081037233688
0.0154034357899959
0.3215365260814981
0.5946962501418360
0.3400227333263698
0.4557726142985087
0.4252200126224449
0.0862313532526686
0.6490510129753083
0.8340112721473153
0.5278275970442607
0.1495845192411548
0.4812739796490818
0.0141273005777599
0.9074808304315448
0.2405948825580609
0.9023601095502817
0.5841062837981219
0.9833330843978217
0.8493230689990949
0.0110888660488878
0.0151185905914767
0.7434396140932583
0.5167954128055463
0.7553654671508367
0.5896918826178292
0.2322810774048657
0.7866061954324417
0.0310358710090783
0.8065132667979918
0.6650852255170312
0.6732742310479231
0.0438610455079572
0.2097739442913381
0.4889367914966043
0.4420649960693190
0.0264655568799004
0.3358307739776011
0.9674627882922660
0.3065640106238935
0.6327836477267271
0.6816928966370051
0.6236635901414439
0.2896966666678189
0.5716889224684899
0.7040941664235014
0.3833211895025561
0.2803039369929829
0.2749956023054004
0.9181003598179520
0.6444761063660639
0.7524335697394359
0.5678230939154423
0.6304591197292250
0.2765190732929074
0.8928351154064748
0.5011954254357247
0.8053518341504204
0.5180155809193976
0.1163199141343391
0.1118225383620423
0.4641119044774418
0.4298915757724060
0.9132961798329062
0.1317290511547107
0.6865567831002790
0.9181403616967125
0.4110766541767040
0.8849796005926246
0.1443120012268836
0.1053465726380017
0.2333683233143109
0.5211944545775313
0.6464139168783501
0.7712514058176506
0.7665509458045443
0.1118813608716185
0.8740063216662503
0.1123345578390171
0.8978107008009396
0.9576264045737410
0.5840997901190099
0.6938964675699228
0.3697262552615093
0.5506549699594498
0.8320681642214494
0.1594988456694453
0.5017458395690457
0.4092190763170518
0.8663855562714309
0.1309915958557799
0.8917548396026123
0.2502712168104897
0.6056979918204501
0.3798984226590626
0.9327431615303917
0.1975276616869466
0.5025403949520088
0.2282890431734800
0.8012270581241825
0.2710541089715131
0.9534875545669490
0.9243985648771210
0.4751902756938703
0.0129311471425865
0.9654177409779147
0.6859641200260984
0.4919791619948847
0.6040855689517814
0.1109855609389888
0.1575374116879332
0.6389121702843232
0.0489609415570904
0.7023015241870814
0.9197789000555172
0.7089552596737898
0.5606341429717645
0.7942034711535401
0.7484657460181682
0.5906599695215552
0.1970230172032195
0.0078319917993088
0.4573055525001005
0.2410410099391951
0.2271285399061210
0.5066959872060823
0.3753944318793587
0.5040558577158282
0.2692754283280413
0.6101173598689088
0.6219864029024178
0.2089173378547862
0.5674722420816832
0.4452157010219489
