61 62
32 38
108 151
122 150
48 102
96 133
80 174
9 41
108 111
125 127
7 8
166 170
35 176
193 194
130 173
111 113
70 72
128 129
105 106
177 181
131 134
149 188
92 99
152 154
110 111
79 80
31 32
71 123
11 34
106 107
40 101
155 165
86 158
63 64
87 88
119 156
92 93
137 138
43 45
37 38
40 185
100 186
187 195
66 129
34 39
48 154
89 142
2 7
107 108
82 106
28 29
75 145
24 128
38 39
29 36
9 150
67 68
18 27
19 25
89 165
54 160
27 60
57 59
72 73
10 37
4 179
117 191
73 155
109 110
66 122
96 121
89 90
61 125
169 175
49 51
120 183
144 150
166 169
97 162
95 188
30 185
46 98
85 86
54 56
160 193
55 161
103 164
73 143
147 189
94 157
171 172
11 12
22 57
31 178
124 125
74 147
81 175
78 160
6 67
53 105
69 70
79 93
23 46
4 45
115 165
41 42
69 129
135 144
172 173
36 37
2 10
17 23
189 193
77 199
20 21
3 21
50 167
41 116
80 91
27 64
16 17
178 179
45 187
84 157
191 192
25 71
21 22
78 104
9 74
26 56
52 109
142 143
82 103
46 47
13 42
13 50
42 166
119 155
113 120
81 163
88 117
43 44
162 169
91 134
77 182
74 148
62 64
76 146
149 190
1 180
1 32
159 171
130 151
184 186
87 118
69 133
189 196
114 115
58 60
12 67
133 156
18 19
145 182
94 95
98 102
85 191
0 99
139 176
15 140
88 159
53 130
75 152
13 101
196 197
0 8
126 132
179 180
83 85
145 146
156 171
8 79
52 104
14 192
5 61
119 120
20 59
14 44
65 131
77 196
76 153
44 168
49 50
167 185
4 5
28 30
81 90
107 109
84 86
161 170
58 62
116 170
49 66
164 198
123 184
3 14
121 122
7 174
83 188
63 127
65 124
139 141
24 25
6 76
12 112
30 186
153 154
126 127
172 183
1 2
6 98
82 137
91 93
148 182
31 33
47 48
78 164
15 17
3 47
138 178
190 192
40 99
158 159
197 199
53 118
75 135
22 43
68 141
71 140
138 198
132 143
118 195
16 18
100 176
101 175
112 146
35 39
57 58
63 72
24 51
70 128
110 114
23 141
174 177
95 121
136 137
15 19
114 163
87 173
51 123
117 168
151 183
144 149
180 181
11 197
54 55
134 142
16 20
36 100
10 29
152 190
83 84
112 199
26 97
102 153
113 115
65 177
116 147
161 162
136 187
33 34
167 184
105 136
0 28
59 60
5 181
157 158
35 68
33 194
94 96
168 195
135 148
97 163
103 104
55 56
194 198
90 92
131 132
26 52
124 126
139 140
