0.9866716011893004 0.0237756331916898
0.9768727058544755 0.0389433710370213
0.9786046550143510 0.0549783718306571
0.9055637421552092 0.9734153731260449
0.7190914226230234 0.9917271125596017
0.5489608938805759 0.5565814194269478
0.0440585855394602 0.3123175434302539
0.0439609067980200 0.3132811109535396
0.8532246986869723 0.9870231377426535
0.8529191624838859 0.9680061957333237
0.6418684215750545 0.9405587178189307
0.0119316724594682 0.9699894108343869
0.0171640173066407 0.9791638737078756
0.0172795709222555 0.9772312627173960
0.9649348712991923 0.5641353321261704
0.9568620340432972 0.5703399660997093
0.5301035887096077 0.5138365984894335
0.4935784635599703 0.5262480501551181
0.8827144906390458 0.4221759268548340
0.0217173669952899 0.0180067066103220
0.0250770254060626 0.0192850530147552
0.0310736517421901 0.2879011931363493
0.0238893008790910 0.2878151417244226
0.0414815533440560 0.2421589074656367
0.0143754112068564 0.3262252444401383
0.0281222930643708 0.3238007340114564
0.0499374824576080 0.3602058978285640
0.9646799315232784 0.0663487149868160
0.9538373434916139 0.0660054623149335
0.9268750604242086 0.9149155891500413
0.9515465432778001 0.6997398326639086
0.9863109753932804 0.7346886966843158
0.9854412318672985 0.7067048507742584
0.9468415249139071 0.6865146127529442
0.9410705980844796 0.6810516095720232
0.8732330638449639 0.9425351601094007
0.8765836616512388 0.9589548890944570
0.8780106364283711 0.9607351613231003
0.9025682532228529 0.9626298528164625
0.5957892998121679 0.7693896265700459
0.6153664770536125 0.7701451054308563
0.6390664163045585 0.9636325279716402
0.6439924482256174 0.8979330114088953
0.6618746691383421 0.8992198142223060
0.6524519908707589 0.8852791101671755
0.8112159646116197 0.6786516525316983
0.5761123816482723 0.5486018615774810
0.1917058387771249 0.7702049247454852
0.2908301178831607 0.8141376220155507
0.2123643101658672 0.7797685016412288
0.2176907423418015 0.7893097267951816
0.2161471073050052 0.9155892711132765
0.9169944566674531 0.3404754435177892
0.8602385374251753 0.3221111302264035
0.8563394770026207 0.3194147795438766
0.9144358730409294 0.3464123485609889
0.7808373777661473 0.3947690499480814
0.9322467299643904 0.5303462021984160
0.9715234122704715 0.5443586918991059
0.9558643572963774 0.4584121392108500
0.9624042711220682 0.6775909380521625
0.9645118487533182 0.1589941084384918
0.9691580035723746 0.2073963123839349
0.9064606386236846 0.2610906567424536
0.9467181805521250 0.1754540577530861
0.9530076291412115 0.1945136627182364
0.8906745344866067 0.1046064246911556
0.8691359753720462 0.1820383167359978
0.3522520964033902 0.9894003029912710
0.3395969935227185 0.9784039701335132
0.5377297434024513 0.5078843119554222
0.5392887343186885 0.4781357839237899
0.4912766562774777 0.4938651686534286
0.4915754867251962 0.4940938120707870
0.8560741634573787 0.4641572332475334
0.3058894898276776 0.4379074836615473
0.0818393402732909 0.9671697013545781
0.0261041230987757 0.8881231665145606
0.0316344110760838 0.8951390560250729
0.0219598766416311 0.9103356946725398
0.0141759580001235 0.9149206315632910
0.0055882800370455 0.0027462549041957
0.0054596224799752 0.2739387580659240
0.0270292996428907 0.2450412090402097
0.0488118890207261 0.1540640401653945
0.0299410363659263 0.1672677057795227
0.0099422843195498 0.1379775719251484
0.0481445803306997 0.3614021099638194
0.0362599471118301 0.3851267183199525
0.0363741293549538 0.3867824373301119
0.9131194555666298 0.7302059920039028
0.9582507004961371 0.3628088152036071
0.9306629362981766 0.1137381980661303
0.9347939637955278 0.1207881381269544
0.9349714240524918 0.0892250712495297
0.9438717032317072 0.0801885968539864
0.9354053861461580 0.0992364166304469
0.9605948638636619 0.0950670887250453
0.8702496939804405 0.0354022791143507
0.9293408077210188 0.0845132032409310
0.9413596407976002 0.8870622888207436
0.9452911247499287 0.9459396048914641
0.5557098973076791 0.3451806751545519
0.8550972528755665 0.6896987040527165
0.8045797448139638 0.6600865672808141
0.8102775290608406 0.6502222195267677
0.8060757566709071 0.6229095654562116
0.5894267498515546 0.3280799584463239
0.9543364776764065 0.7672772745136172
0.9579368960112333 0.8574821639340371
0.9655186736490577 0.7416241243481636
0.9536701694596559 0.7657699040137231
0.9499651223886758 0.7043159459717572
0.9319557161070406 0.8060811043251306
0.9282358619384468 0.7987086900975555
0.8604494878090918 0.6849901687819511
0.8896692269481719 0.6801170990802348
0.8862105899024755 0.6489795336965472
0.9242874090559781 0.9461875164415687
0.8987708794884384 0.9286166145466268
0.8999822258483618 0.9038671352900565
0.8279224711004645 0.9937450580764562
0.8364860978908837 0.9627582740504295
0.5905669822823256 0.7744128934573382
0.5960982616525143 0.8219830922316760
0.5468368208967149 0.8361028106883168
0.5190762863494456 0.8311763610690832
0.5681945011019707 0.7854235647246242
0.5670908060856164 0.8083028595428914
0.6891213220078498 0.7752644196152687
0.1937551083974540 0.4949579732492566
0.4481254322454333 0.9545753079000860
0.6913603646680713 0.9803791136946529
0.6564905631821603 0.9357631900347769
0.6522496084216982 0.8841824892442673
0.6422784293536097 0.8667218091432005
0.6626102509908378 0.8710519897285849
0.6626054709777236 0.8745527034625411
0.6723819815088063 0.8911915563512594
0.6747844950295985 0.8825611805077642
0.6477794453967363 0.8625608501024544
0.5250213220715523 0.8950905450619757
0.5200982349924743 0.8900994947180152
0.4740696202497929 0.9283590302802622
0.5163935092277825 0.9637992351781577
0.5250380251090974 0.8951314755249768
0.2848255778662860 0.4615346847567707
0.8581385484430939 0.4754647358786315
0.0666482914239168 0.6007867753505707
0.8326494982466102 0.6464579363819212
0.8685025095473975 0.5853413802105933
0.7370024509727955 0.6204096465371549
0.3807260829489678 0.8337161340750754
0.5180307480040938 0.4719544784165919
0.5597079794388264 0.5191912027075887
0.5639804112724960 0.5472527537494898
0.5356973710004240 0.5690185579005629
0.5899858644697815 0.5624925289303064
0.6106819957494736 0.5707135498523712
0.5801427306141704 0.6060883554164320
0.5664199891034514 0.6085246463771909
0.5647164965048432 0.6065842362586409
0.0317806305829436 0.0170302540063858
0.0365877230651677 0.0217706847470254
0.1309865859802812 0.9812799848150462
0.0958525072783232 0.9686012337915599
0.1122292743530124 0.9776075724512339
0.0346892266534269 0.4678015545941889
0.0197951730806381 0.8288363590836525
0.0193136767484248 0.9909081133082509
0.2395804317202419 0.0512649083975703
0.1427330216392875 0.9664779847953469
0.2438291541766375 0.9682294803205878
0.2047628550790250 0.9508395139127970
0.2546201664954424 0.9792957096360624
0.2862966347020119 0.9900221542920917
0.1682914330158383 0.7634424173738807
0.1558555301744491 0.7380406907759607
0.1586317440960556 0.7387902701739222
0.1975074724759907 0.7770521084312350
0.2022540024481714 0.7789632389321923
0.1874039380345494 0.8223974485881627
0.1907720838207752 0.7330191421788186
0.1797950032632798 0.7280790330842137
0.1729913724120706 0.7022079566959292
0.0485167403239757 0.0888660401105881
0.0420852024108171 0.1045990197453648
0.0474360706284642 0.0922455487307161
0.0948281115852296 0.1202296053525060
0.1922204601578414 0.2646355608012527
0.2181668870616704 0.2702521518804133
0.2253858551848680 0.2694318436551839
0.1770489120390266 0.2848322445061058
0.1763984451536089 0.2907012675423175
0.2004330393392593 0.3711721973959357
0.1766656734980643 0.2925504974555224
0.1223527188412845 0.3774511103983968
0.9553510905243456 0.4087610333226621
0.9417104967869818 0.4577171979472041
0.9513837739359587 0.4564518849365413
0.9634555599186569 0.4051875285804272
0.8599286153912544 0.2119710345286876
0.8960016251076013 0.3087913461495191
0.9705465815495700 0.3028909813147038
0.9942957907915115 0.3711146565619856
0.8671041061170399 0.3542819612193853
0.8751586631406099 0.3598034831229597
0.8768899913411587 0.3649779541883618
0.8540990876499563 0.3196070541162044
0.9304276860784739 0.3772019341122359
0.9250032166019082 0.3733684236649424
0.9350983046460897 0.4003823315724730
0.9257481331005692 0.4069797571282834
0.8965779948048294 0.3849248576443642
0.9339759740978479 0.4597242223098874
0.9029887828510255 0.4168361916672438
0.8962054424919188 0.4158739375416189
0.9226233703084290 0.4960958366282284
0.9355641875881702 0.5184835281688720
0.9182258916553110 0.2699437679257244
0.9947545081377029 0.2257818554062396
0.8925453596748412 0.2106981310062110
0.8978593128267676 0.2137285030912608
0.9001498634461313 0.1929242648184299
0.9103382141329348 0.1885448454413563
0.9448572308756411 0.2298153934534639
0.9362899018451571 0.2094254519324750
0.9192487918771803 0.2291958204004914
0.9197216893080622 0.2179215122014284
0.9213337360415608 0.2147739836946130
0.8513418617658317 0.0407166250515729
0.8657429905142635 0.0818869494833052
0.8882016858551651 0.0927815942559391
0.8935623969882727 0.0850896409247071
0.8981776845175773 0.0723531083203852
0.8348284938838333 0.1074824240058661
0.8616353331599385 0.0842723839450628
0.8807768432889134 0.1242874844465405
0.8358405095059425 0.1086322471965104
0.8444904605858028 0.1568471123464406
0.8653134966734797 0.1589595847763121
0.9341950854286551 0.1719698316883296
0.9137797625735402 0.1824193331412971
0.9214441480580717 0.1456890646368265
0.8804250531829894 0.1444231215864420
0.8776999816764146 0.1489632735028863
0.2996058273129165 0.1911635980941355
0.3893037517555058 0.9717340506613255
0.3863207830581814 0.9771030223928392
0.4185377429239452 0.0016916836611927
0.3181257511023432 0.9903815721627325
0.3397450922057033 0.9691455818247050
0.9217509955633432 0.6203762071672827
0.1938319208566099 0.4955538904760033
0.1529852359090000 0.5985471981111914
0.4393420347478241 0.4591504395939410
0.4099408779293299 0.4562303954735398
0.4532140826340765 0.4750574252102524
0.4472563196904957 0.4638978950679302
0.4395574557129294 0.4594011313747615
0.4870113611686975 0.4265213606413454
0.5001718048006296 0.4476816218812019
0.4589210436679423 0.4580478363204747
0.4853031781967729 0.4580279232468456
0.5062736442778260 0.4509098513517529
0.5512027933727950 0.4430282723624259
0.5241920731496066 0.4320849496871233
0.5359882435295731 0.4738108860328794
0.7846850100904703 0.3052616245113313
0.8661353671923280 0.4246079097501934
0.8167631705291569 0.5818430609069765
0.8493830040097237 0.4860286801122129
0.3744758476968855 0.4542129328474402
0.4013886442407966 0.4526902425568551
0.4046453344635665 0.4352557698730379
0.3766283430159092 0.4779116557911038
0.3730317987501621 0.4645653548650444
0.0657970609609038 0.9023816450498998
0.0530537127051502 0.9078370600473136
0.0851008945610374 0.9327341504395008
0.0770775882992893 0.9504195454064757
0.0235761560034007 0.9410679948050529
0.2513252594508231 0.0482042310759425
0.1439517417456955 0.8721659793518484
0.1373902962077409 0.6451871742028743
0.0380815451499075 0.3574718218296766
0.0129740533884615 0.3769767547491938
0.0127979235257953 0.3609542967751622
0.0360063253901899 0.4492033210117370
0.0803416885901242 0.4079877322074026
0.0659279276151210 0.4528144435025752
0.0544472751207650 0.4464738506358117
0.0316207965370268 0.5408852496184409
0.0995001150295138 0.5578480267431587
0.9730995432473719 0.3604569826275110
0.8069157644640654 0.2816198931541294
0.8751122304238379 0.5770408487878740
0.9068062149453908 0.6892525283619761
0.9356041592545807 0.6506645400077105
0.9843891083728522 0.6251408953685313
0.9670776592101902 0.6329817734658718
0.9541367162019014 0.5936642573215067
0.9064881135709584 0.7324811222497374
0.9042936826590449 0.7666783758904785
0.8955502768512815 0.8020010367035866
0.9613486621528864 0.1375876101665199
0.9933069413527846 0.1208892774302512
0.9021130388136953 0.0609435543883592
0.9034120538271964 0.0633266121149063
0.9205050733871758 0.0591505051124841
0.9325106777250767 0.0491041329223663
0.9025679975748062 0.0265968337189406
0.9336452509742230 0.0211614673025906
0.2029684730805457 0.6114042655099183
0.1885447846725583 0.6139771868474782
0.1542688230983913 0.5975000313483179
0.9011528310365975 0.8376331680919975
0.9169996378477663 0.4737553400918841
0.9189492834266275 0.4922711090184748
0.9050252221059054 0.5362894118297845
0.7362173472065479 0.1262357113882899
0.8042482074815780 0.1064153483603150
0.7503788247704506 0.6217362016905099
0.3769891131669283 0.3681708143558353
0.2534382343292236 0.4974768727552146
0.5928166864905506 0.3377306410111487
0.6716227023862302 0.3314187952782959
0.6265013564843684 0.3540564617142081
0.5889948124531657 0.3234076856169850
0.5546948781702667 0.3668127087876201
0.5365357063710690 0.3709793700836599
0.5495022342074662 0.4086426063440740
0.5299725532531738 0.3975974030327052
0.9216051797848195 0.6403075617272407
0.9539109796751291 0.8074857054743916
0.9531888877972960 0.8290176272857934
0.9671878474764526 0.8342940041329712
0.9689124422147870 0.8462502947077155
0.9585348288528621 0.8570224486757070
0.9843435981310904 0.8525826493278146
0.9826169041916728 0.8779627901967615
0.9305313525255769 0.8711136614438146
0.9368843892589211 0.8648019765969366
0.9360366414766759 0.8272002886515111
0.9325920329429209 0.8238340460229665
0.8715614951215684 0.7284078905358911
0.8935668079648167 0.6859838175587356
0.9394219932146370 0.7572145357262343
0.9240892967209220 0.7311503821983933
0.8669198886491358 0.7268528337590396
0.8708322164602578 0.7287095815408975
0.8780324459075928 0.6439682543277740
0.8580420825164765 0.6482610953971744
0.9045520646031946 0.9023426922503859
0.9306549469474703 0.8729030485264957
0.7693333134520799 0.9600062086246908
0.7988938861526549 0.9819895536638796
0.8739511214662343 0.8908048137091100
0.8970065442845225 0.8513886844739318
0.7303803027607501 0.8811729163862765
0.7095668332185596 0.8855730793438852
0.6981503807473928 0.8771655966993421
0.7220005828421563 0.7730035360436887
0.6906972075812519 0.7705455911345780
0.7367957511451095 0.7564934492111206
0.8614529089536518 0.9328578459098935
0.8240659649018198 0.9428251103963703
0.8295107595622540 0.9472747312393039
0.8285069710109383 0.9469103040173650
0.8391389029566199 0.8721974007785320
0.8238917551934719 0.8722711275331676
0.8443987551145256 0.9025267180986702
0.8560283912811428 0.8904105278197676
0.8588114988524467 0.8943886931519955
0.8577276463620365 0.8967425457667559
0.7805514920037240 0.8705066246911883
0.6261701080948114 0.9593838187865913
0.6359185732435435 0.9538659167010337
0.4096641715150326 0.7765416200272739
0.4659784722607583 0.9092186684720218
0.5512648425064981 0.8393081268295646
0.5155571433715522 0.8099568395409733
0.4974686340428889 0.7897821115329862
0.5016100858338177 0.7970467542763799
0.5363507589790970 0.7607660975772887
0.5552340243011713 0.7847992789465934
0.5885804283898324 0.7290639327839017
0.5573124580550939 0.7093582465313375
0.6821383342612535 0.7573170245159417
0.7685124112758785 0.8314246656373143
0.7641886435449123 0.7547694880049676
0.7675289581529796 0.7834637800697237
0.6879219810944051 0.7620217781513929
0.4404021888040006 0.9656836304347962
0.4418012381065637 0.9656548798084259
0.4494202260393649 0.9106579304207116
0.4469770824071020 0.9271085676737130
0.5072353880386800 0.8517589215189219
0.7203691508620977 0.9651758181862533
0.7106138323433697 0.9855760238133371
0.7039241159800440 0.9831906824838370
0.6726074914913625 0.9411399373784661
0.6918550480622798 0.9733072316739708
0.4604100806172937 0.9843643389176577
0.4437489912379533 0.9667511915322393
0.7023707893677056 0.9000669580418617
0.7029879475012422 0.8975379548501223
0.6796375890262425 0.8982545563485473
0.6600163213443011 0.9273195925634354
0.6594494509045035 0.9300122756976634
0.6875168529804796 0.8554815433453768
0.6627707376610488 0.8207202856428921
0.6627091856207699 0.8706334650050849
0.6580792814493179 0.8587714012246579
0.6287850290536880 0.8859819665085524
0.6363664923701435 0.8782772256527096
0.6357377718668431 0.8686727201566100
0.5508625968359411 0.8529328019358218
0.5553260489832610 0.8741064090281725
0.4523535275366157 0.8555601488333195
0.4025926578324288 0.0941603321116418
0.5061928529758006 0.9488695038016886
0.5075742516200989 0.9493022304959595
0.5144894381519407 0.9617860638536513
0.6121904263272882 0.0262095266953111
0.1845294418744743 0.4261153198312968
0.2856293122749776 0.4315628539770842
0.2783652655780315 0.4463131160009652
0.2395591873209924 0.4325360893271863
0.2460771754849702 0.4540411275811493
0.0705964958760887 0.7660732150543481
0.4741336537990719 0.5616072381380945
0.4915824157651514 0.5308249909430742
0.4921738051343709 0.5347489477135241
0.4418256541248411 0.5188290495425463
0.4254834472667426 0.5263063947204500
0.4160989234223962 0.5297378343529999
0.3106208706740290 0.5103681578766555
0.3263443675823510 0.4453599457629025
0.2906827686820179 0.4763159567955881
0.8647008726838976 0.4770580243784934
0.8879927499219775 0.5078728783410043
0.9111749415751547 0.4725264692679048
0.9115936663001776 0.5002774226013571
0.8869925746694207 0.5152229059021920
0.1409947022330016 0.4201929881237447
0.1413902114145458 0.4757257797755301
0.1162197282537818 0.4582519980613142
0.1095177668612450 0.4825904057361186
0.0725395539775491 0.5678274021483958
0.0462425863370299 0.5501617738045752
0.9856204530224204 0.5259741111658514
0.9843384975101799 0.5289174430072308
0.0413137453142554 0.5500317080877721
0.9990914165973663 0.5808985242620111
0.0312534840777516 0.5970681023318321
0.0194971491582692 0.5714441055897623
0.0094158479478210 0.5734921346884221
0.5684879582840949 0.7017492975573987
0.5677940854802728 0.6864949627779424
0.5646258413325995 0.9159264420159161
0.5371729971375316 0.9569772211834788
0.7679955502972007 0.6636937444563955
0.7638194109313190 0.6608186871744692
0.7631563651375473 0.2959290449507535
0.4135422299150378 0.7292044006753713
0.4173660418018699 0.7082729267422110
0.4419364535715431 0.7068188444245607
0.4825001105200499 0.7768264266196638
0.4848500906955451 0.7404314456507564
0.4904684312641621 0.7352090976200998
0.5888032151851803 0.7504497563932091
0.5931517947465181 0.7640430191531777
0.3799057833384722 0.7975297244265676
0.3693254492245615 0.7792563533876091
0.3798287934623659 0.7675977784674615
0.5967136025428772 0.5271483047399670
0.6077557336539030 0.5043532110285014
0.6655075359158218 0.5148499077185988
0.6572278845123947 0.5095086593646556
0.6346883047372103 0.5145410143304616
0.6256397999823093 0.5713896504603326
0.6255233366973698 0.5647001937031746
0.6612303825095296 0.3235444668680429
0.6369287665002048 0.3322736932896078
0.7004997467156500 0.3137202481739223
0.6576021474320441 0.4381925715133548
0.6596146055962890 0.4558277791365981
0.6611275617033243 0.4576113566290587
0.6396148030180484 0.3883715290576220
0.6002210911829025 0.4678781342227012
0.5876325189601630 0.4892093357630074
0.5954779756721109 0.4871991253457963
0.5632435118313879 0.4347702332306653
0.5153079489246011 0.4051187569275498
0.4989166206214577 0.6915071916300803
0.5072267269715667 0.6824643355794251
0.5517299270723015 0.6723152089398354
0.5309647142421454 0.6819533777888864
0.5226391598116606 0.6790400189347565
0.5462650945410132 0.5945749585516751
0.5354450985323638 0.5792036033235490
0.1373274249490350 0.0014996735844761
0.1344957600813359 0.0081254157703370
0.0597140868194401 0.0257359801325947
0.0674440420698375 0.9812197280116379
0.0758562646806240 0.9939673924818635
0.1013939357362688 0.9950263723731041
0.0897757555358112 0.0037361083086580
0.1397261961828917 0.9680860801599920
0.1237220126204193 0.9078384924214333
0.1171468847896904 0.9221657393500209
0.1176575315184891 0.9279620093293488
0.1456469309050590 0.9109910044353455
0.1348947491496801 0.9005080305505544
0.2430317380931228 0.1617553364485502
0.2087446451187134 0.5274538700468838
0.0346074784174562 0.4876115170773119
0.1325631081126630 0.5432491584215313
0.0328595298342407 0.0528439609333873
0.0272242003120482 0.0619580207858235
0.0633679497987032 0.0297086373902857
0.1614113950636238 0.5146430756431073
0.2016869389917701 0.5138715140055865
0.2021358404308558 0.5194457271136343
0.1547722492832690 0.5523050536867231
0.2194748185575008 0.5705610071308911
0.2369742698501796 0.5701243956573308
0.2595917445141822 0.5969695898238569
0.3677070057019591 0.5805465795565397
0.3481579779181629 0.1392246305476874
0.3088569794781506 0.9674093278590590
0.2895196930039674 0.0013452176935971
0.2865814517717808 0.9853633381426334
0.1671007527038455 0.0050574189517647
0.1580160930752754 0.0631849598139524
0.1122600666712970 0.1026604282669723
0.1194116875994951 0.1059720884077251
0.1215102220885456 0.1055566726718098
0.1557248157914728 0.0633603211026639
0.1676510390825570 0.0982102015987039
0.1819372791796923 0.1082232566550374
0.1429431312717497 0.1094870620872825
0.2033376614563167 0.0922594633884728
0.1936679389327765 0.1063145606312901
0.2235458169598132 0.1383809533435851
0.2318936379160732 0.1404053533915430
0.4759891727007926 0.3114413677249104
0.8222239869646728 0.1036948822438717
0.1942436760291457 0.9478535810485482
0.1560554120223969 0.9620793981011957
0.2181863023433834 0.9188594070728868
0.2113612205721438 0.9446688278112561
0.2721088281832635 0.9320252214092761
0.2450700348708779 0.9661570424214005
0.2766512397211045 0.9527415770571679
0.2671184863429517 0.9613967332988977
0.3817565194331110 0.7143933482002467
0.4059935770928860 0.7035930354613811
0.3967943270690739 0.6784045894164592
0.7909337170422077 0.7332052986603230
0.3894150669220835 0.9713208766188473
0.6382569209672511 0.9423467100132257
0.6657217796891928 0.6909118988551199
0.6794723442289978 0.7176819180604070
0.6824925264809281 0.7133023943752050
0.6161436126567423 0.7149970666505396
0.6407157778739929 0.7148883233312517
0.6436873686034232 0.7474331159610301
0.6275716167874634 0.7573922958690673
0.6483042263425887 0.7252195316832513
0.6467861749697477 0.7211466508451849
0.1717106665018946 0.7950603382196277
0.2015891065821052 0.9075464331544936
0.1851162833627313 0.9261025560554117
0.1676208272110671 0.9264425272122025
0.2212226502597332 0.8230868831742555
0.2357812700793147 0.8308393517509103
0.1951329936273396 0.8358118711039424
0.2734271453227848 0.8260918606538326
0.2370820685755461 0.8312035333365202
0.2549351872876287 0.8768338155932724
0.2311409197282046 0.9083874654024839
0.1921833981759846 0.7323979295324534
0.2043624613434076 0.7002552147023380
0.2254661854822189 0.7188906010705978
0.1909107700921595 0.1525578994769603
0.1892969759646803 0.1588443713262677
0.2287630215287209 0.1725353607907891
0.1928896438330412 0.1670222636312246
0.3352101841010153 0.1922251700889319
0.3046492049470544 0.2011892222799361
0.2158812414854765 0.2195369633845985
0.2347146894317120 0.2345185198355466
0.1830624705180526 0.2259460589848459
0.2070002879481763 0.2169864526949823
0.2124050278216600 0.1898323555942625
0.1940906401723623 0.1774375245440751
0.3147403090260923 0.3074516064953059
0.2658359378110617 0.3228360016364604
0.2526137141976506 0.3055933178402483
0.1343085404951125 0.3225172858219594
0.1322605763562024 0.2920957712922245
0.2263616288546473 0.3734796599019319
0.2336962968111038 0.4084074997808784
0.2440002944786102 0.4186368645168841
0.2307589324191213 0.4345950230490416
0.2006670122500509 0.3350851882714778
0.2097194590605795 0.3082660061772913
0.2014554077759385 0.3120896962936968
0.1372233566362411 0.3261842301581055
0.1615070290863514 0.3152423738501966
0.1354638074990362 0.3451188511680812
0.1429953137412667 0.3566521545872092
0.1869424772448838 0.3556977843400091
0.1896235984750092 0.3473645118065178
0.1184253972023726 0.4436331731267273
0.9717075747903436 0.3937758419197053
0.9931691628880799 0.3800576752983034
0.8749807626008987 0.2184023808222264
0.8632974396459758 0.2136417019646615
0.9532125797122717 0.3278772996272892
0.9681344502605498 0.3180071667302400
0.9454452341888100 0.3392095938324928
0.9674571896903217 0.3647408296819776
0.9670710742939264 0.3649916634894907
0.9388446200173348 0.3174367356114089
0.9136540859472007 0.3275240163784474
0.9118499241303653 0.3239892579149455
0.9361327711958438 0.3007275299169123
0.9375071874819696 0.3014267757534981
0.7944184208754450 0.4353171081747860
0.7977016461081803 0.4404595340602100
0.7905376479029655 0.4068617124576122
0.8216214040294290 0.4110713906120509
0.8542578464839607 0.4392343829385936
0.9698070909362286 0.5133486778941005
0.9532199753448367 0.5130732860416174
0.9522787639871240 0.4907340900972486
0.9469189560040832 0.4965648551005870
0.9498061069753021 0.2329028511885554
0.9195150556042790 0.2553060797508806
0.9757502062711865 0.2047568904235959
0.9903875298332423 0.2067337364424020
0.4993247753009200 0.1682675853371620
0.4329152526333928 0.2687147497199476
0.4427262658718973 0.3849059923086315
0.4672882608138025 0.3369998966809362
0.4780494330916554 0.3152219082694501
0.5049509531818330 0.4046451481990516
0.3707108597736806 0.3405498214997351
0.3700003556441516 0.3395392629317939
0.3744161017239094 0.3753722428809851
0.2698196023702621 0.2184318394865841
0.3084196841809899 0.2050993756856769
0.2918848285917193 0.1900192089378834
0.2477381567005068 0.1703991217073053
0.3004358797334135 0.1872091032564640
0.2432433906942606 0.1581673335749656
0.2672202379908413 0.1500650357920676
0.2842529655899853 0.9782334575429559
0.2528052094858140 0.0471528999041766
0.3076967601664364 0.0137823522090912
0.3436169715132564 0.9642724199220538
0.0345937863457948 0.7260842348914593
0.0571863192599267 0.7352446455042809
0.0544802281074226 0.6469087773002684
0.0056491903960705 0.6960774732287973
0.0285316121298820 0.7085251766256988
0.1096394334454089 0.7277258206158876
0.1089151343330741 0.6234876967500895
0.1395984101109207 0.6178070139139891
0.1324811792001128 0.6361048112157732
0.0868513283785433 0.6604558052495122
0.0616962693165988 0.6319502494297922
0.0606148031074554 0.6371650071814656
0.0713632183615118 0.6178830652497709
0.1056745576206595 0.6232832651585340
0.9336051174905151 0.6116147076245397
0.0971260210499167 0.8234829048160464
0.0965389299672097 0.8220843104645610
0.7937207715585828 0.3275988269597292
0.7416923947166651 0.5895154834724963
0.8152723538223654 0.4850881323218346
0.4029894587583840 0.0316708884201944
0.4815324377268553 0.0679674602579325
0.4843600757885724 0.0860416099894792
0.0366983686108142 0.9412360375281423
0.0482313320972025 0.9222779141273350
0.0455406287219375 0.9340279377065599
0.0241561802104115 0.9409183391835541
0.0215878540184349 0.9250215403735638
0.0241415617056191 0.9175118354614824
0.0398230075370520 0.8585272212512791
0.0388208122458309 0.8538725750986487
0.0389404732268304 0.8532358349766582
0.0707491578068584 0.8965340999420732
0.1186951559502631 0.9062216752208769
0.0973046587314457 0.8818883611820638
0.0721061045769602 0.8798855424392968
0.0760678823571652 0.8754559005610645
0.1720333138946444 0.9672629765700549
0.1931014440488070 0.9493869326543063
0.1172796604223549 0.8557637550402433
0.1198417048435658 0.8568303356878459
0.1190844648517668 0.8565560251008719
0.0557844180148095 0.7942746428307146
0.0557775939814746 0.7888107767794281
0.2194948487449437 0.7729778930079192
0.1128205445129424 0.5739978123456240
0.0160441312473267 0.3362793987616897
0.0213485795538872 0.3447129258420318
0.0019887390080839 0.3548918047454208
0.0106117941904813 0.3585276280064136
0.0277743353508413 0.4953559224959463
0.1068707895465195 0.5483073221985251
0.1032131970860064 0.5509632991161197
0.0556657898705453 0.5031073330901563
0.0621542858425528 0.5135260801762342
0.9302975153550506 0.5323947777505964
0.8990713129751384 0.5597992115654051
0.9038433702662587 0.5345810970757157
0.8667025843169540 0.7268476556055248
0.8687973155174404 0.7630336906295270
0.9487344441004097 0.1246008989401162
0.9511614018119872 0.1264528194442391
0.9816385335288942 0.1087041543796659
0.9743403331376612 0.0953874376136810
0.9717729256954044 0.0941475837025791
0.9693700922653079 0.0953726777806878
0.2460403351578861 0.4608052624389529
0.2455556166823953 0.5499341741669923
0.1821580287069082 0.4763245063368231
0.2804574149195105 0.5479209593031555
0.3229896600823849 0.5558906819205731
0.7496140091679990 0.6589445953723043
0.7351252061780542 0.5229971613734961
0.6534571454394609 0.5527867088094354
0.2029716847464442 0.6113951890729368
0.2014154840726405 0.5999390620272607
0.1936439492274076 0.5932301876600832
0.1639186886604875 0.5748816900886595
0.8841879784595221 0.9952188266906887
0.9322474244982004 0.0049012724775821
0.9490341946948320 0.9874160154722631
0.9211747010704130 0.0115195161197335
0.9291357595939189 0.0104804569855332
0.8128360381815583 0.1996019321959466
0.8370141419582069 0.1592691370751709
0.8143755525816232 0.2073310012929142
0.8294065902009606 0.2234362841118127
0.8288852311670780 0.2350517984014004
0.4022816962096840 0.0858964740764350
0.5332628174219280 0.3176032272167504
0.1239795330911875 0.2113525138702244
0.1190543391276151 0.4422267444897443
0.2543533043935895 0.5106358679477125
0.1370517599862069 0.1856073371600360
0.1382595228496939 0.2069457338657230
0.8473967385943979 0.5086398778948933
0.8652303274720907 0.5478495710995048
0.8239497954491526 0.0749194927047938
0.6728920144960284 0.6883738571777940
0.6719189609866589 0.6653623597230762
0.7013986678794026 0.6399022904224694
0.6924039826262742 0.6141578070819378
0.6400318262167275 0.6603559760842472
0.4282154995016754 0.4040728844702244
0.3596694194711745 0.4003717077430338
0.3598517368081957 0.3999959758948535
0.2530262640211731 0.3034206999000162
0.2945127235725522 0.3269743579439819
0.3120514855254441 0.4381983357015997
0.2565068970434368 0.4929733786266297
0.6973078045994043 0.3228366116527468
0.7095095091499388 0.2664172248914838
0.6067254361696541 0.4003400350920856
0.6014132830314338 0.3849008793476969
0.6366112118121237 0.4027960926759988
0.5750419825781137 0.3845661161467433
0.5830107366200536 0.3868583142757416
0.5921630891971290 0.3834233058150858
0.5918553287629038 0.3399037858471274
0.5601944897789508 0.3684329907409847
0.8402295135892928 0.8663745617959648
0.8103073718957603 0.7218257975764573
0.7757172856945544 0.9205617234110832
0.7726599711459130 0.9457096289843321
0.7909121594857424 0.9139344925060868
0.7927933945320547 0.9148534364067018
0.8094903021119535 0.9333886352833360
0.7994494675658643 0.9584627079311758
0.7232850801665336 0.9485346593428403
0.7204757235012949 0.9651301300618798
0.7485389588400722 0.9641111907549202
0.7343546268530190 0.9783966701943427
0.7385637671686709 0.9782663406804204
0.8961055204272270 0.8488026130944490
0.7910126883070916 0.9131886942777783
0.8187792350072414 0.8758925376459956
0.8351876204833388 0.8006857994478196
0.8351239569019526 0.8008809720631689
0.3677578915376216 0.8276340295560658
0.3961883352603763 0.7958227803464979
0.3508598117623478 0.6974168138112873
0.5713825656566769 0.9162952848710120
0.5712036166805774 0.9163986814673990
0.5686610918492079 0.9621147685684264
0.6072729006409645 0.9691007197834551
0.6572692533954978 0.8145684890914708
0.6607439366634935 0.8195823766291142
0.6475846134126186 0.8116064313799143
0.4687748798169196 0.8232597929891199
0.4646911697927862 0.8206893021706492
0.4415781025309116 0.8094707832206041
0.4336466887034476 0.8151627290062606
0.4324803354684263 0.8166247296612710
0.5691471260506660 0.8438963487278670
0.5789577085524797 0.8259542011655867
0.5932471039704978 0.8237070629838854
0.5686547600198537 0.6335401253309101
0.5908612243365496 0.6471148557029665
0.5669345282949507 0.6216631527058780
0.5704396509099752 0.7031782711856067
0.5317335417494178 0.7421195453498513
0.5317335075233132 0.7421179639641196
0.4927050024271011 0.7846123394556344
0.5323457121849060 0.7418673129286617
0.5491037997417152 0.7298168234992772
0.5499463728629053 0.6535592495929450
0.5051734361331910 0.6437067363876849
0.5233361327555031 0.6442862520925701
0.5193136879242957 0.6453748357016593
0.5277552818879485 0.6326113450340927
0.9738388848491013 0.9296552042942494
0.9597640137653798 0.9508253620006144
0.4348988558631390 0.9111799842212349
0.4414911242201924 0.9088158595841378
0.8500295958947390 0.0379169634543359
0.8571922751143575 0.0340473034884781
0.5126624451950192 0.8834265912882984
0.4742554838303477 0.8964682519435883
0.7197292726486921 0.9652667867485434
0.7171117819380015 0.9657529960386455
0.7042226004414260 0.9552735816687346
0.7011913422029465 0.9662602595053613
0.6953261380549520 0.9372080760076642
0.7040650479029864 0.9094603031408042
0.7188193202018738 0.9231582479551435
0.7079577569384128 0.9415723087731749
0.7069335044361651 0.9415957136079669
0.6324885829817504 0.8633217366877943
0.6240618554875255 0.8590621019247919
0.6448781611397862 0.8484282514546067
0.6314764341805130 0.8231559169944376
0.6585503630340099 0.8275120458565652
0.4554220386780798 0.8495986417401582
0.4733690309803933 0.8416341491974890
0.4624447398819029 0.8792010114993900
0.4618061643559486 0.8729421065654606
0.4969371391925961 0.8501599072478712
0.3766950399149209 0.0245926678180695
0.4814021403435618 0.0141779526602477
0.3790144619997591 0.9616914920043200
0.4311486859805882 0.9906042928341776
0.4659200140740722 0.0016047798562795
0.4426164566539228 0.0127150686457753
0.5698952213861048 0.0062142724636942
0.5472350034397095 0.9929182229097933
0.5106718083843589 0.0043788836337626
0.5192254337016493 0.9842407929245383
0.5664333535823971 0.0370701900683343
0.1844445252791047 0.4295717040076852
0.1769803792703897 0.4453532698098570
0.1746730608865619 0.4672536822035909
0.0841163594741374 0.0511676480527967
0.9947151769883931 0.1715450563933700
0.0239138472825289 0.1908274430315942
0.1293898504227400 0.8186051514931023
0.3090521385893226 0.9598456081002951
0.1056528233457357 0.7442487280350178
0.3230543301906437 0.4568133573047817
0.2866866425611079 0.4987116616684943
0.2870923823211342 0.4996787155978382
0.8549759977031499 0.5162004726007581
0.1612845775671303 0.4071101071313024
0.1419742812868208 0.4140387068036944
0.0811671449337155 0.4746807538904250
0.1079652942717075 0.4906054916791618
0.1071123778820038 0.4865400055423379
0.0825859536416829 0.5137758445926011
0.9944366915151477 0.3932018617633730
0.8666877688374370 0.5356425351928920
0.8903940385207534 0.5266370256431401
0.9931026408448815 0.6346919653005898
0.9892609033267945 0.6260367175564170
0.9910121231805533 0.6286726519465446
0.9916753952857107 0.6218866843264550
0.0390004201326519 0.6255174700636417
0.0257847027387470 0.6034642262384295
0.6108737089671195 0.6974844904616475
0.6115118011366576 0.7114437716081738
0.5688612479716539 0.9629145767539740
0.5872352570295334 0.9927038187161088
0.5841466120909899 0.9931402194779366
0.5992672995198518 0.6649702053982764
0.6134832662064582 0.6914811544120312
0.6933346053119749 0.6234438198152930
0.7026622775010765 0.7450176475103945
0.7175423384178430 0.6934334980323911
0.7004290081094950 0.7203481001779437
0.6165963835082948 0.1902700059581548
0.6270831075962633 0.1904833228327334
0.6993415688630193 0.2473176254425198
0.7057440392673016 0.2548251429107040
0.4152897533494979 0.7676848012488335
0.4091225208248943 0.8114886416587979
0.4308076682500541 0.8174849716015160
0.4731775554828346 0.6668045369442552
0.4663933455012739 0.6991081363521516
0.4973318451084197 0.6920027867890894
0.4877790345344692 0.7046984226908535
0.5182685570325702 0.7329650872852653
0.5312617074232548 0.7032786144409329
0.5228588772006333 0.7101474618539214
0.3551456041168422 0.7804486206732690
0.3678644504398108 0.7790198486763984
0.3547989232465625 0.7438016305677593
0.3484363383613527 0.7865589996799827
0.3514753319323063 0.8335819784551859
0.3690260895527899 0.8225437803193927
0.2549471708480269 0.7404841545503587
0.4030523269902915 0.7674301881343126
0.4113409286364913 0.7689746087417006
0.4119528154842556 0.7684785386081785
0.3516382467932999 0.6859239421319216
0.6902952531818300 0.3763367899227887
0.6695076017640531 0.3565322819631547
0.7165501704439521 0.3479190745856613
0.7073636266868562 0.2895529977977276
0.7089931715745479 0.3068270843941718
0.7459928570315242 0.3028423015493900
0.7467932093422860 0.3022096247877926
0.7352713528089225 0.4302524721715599
0.6362063465639949 0.4199604284949601
0.6327506604138762 0.3684032098390162
0.6320324081461877 0.3713526381179690
0.5126482257619500 0.3236457596067339
0.5229665124788880 0.3248671507462859
0.5244849110022187 0.3586174056399614
0.2171233496628702 0.0183789192233235
0.0747069611679763 0.0341711037326604
0.0553334439173341 0.9912465813104063
0.0619963596109301 0.9826024039648473
0.0422879201360047 0.9671532975044101
0.0348379043862224 0.9999024916905910
0.0848084841854870 0.0415105908177793
0.0994463425595313 0.0302466452121735
0.1166424606926739 0.0262765511870384
0.1084171452093869 0.0276335619855672
0.1168497370090336 0.1591478546615690
0.0566157186403871 0.1283832569606602
0.1249483374413103 0.1474917968735099
0.1505431982222944 0.1411660371813923
0.1579533650074154 0.1477465110365301
0.1814077864401042 0.1441493988968432
0.0520071559585631 0.1528851957991719
0.0291722554247826 0.2044075406156480
0.3009129771962762 0.8991946012247354
0.3005385503638536 0.8981819392647594
0.2003940234426409 0.8953086386900395
0.1534028293099254 0.8681968927849084
0.1507831029593945 0.8684510157909244
0.2061360585503280 0.8891242996323854
0.2515751204919070 0.8787960307672620
0.0730475934688002 0.6832787583116442
0.0570025825873017 0.6566141948569566
0.1829085096251220 0.6793863063212484
0.1755869286134839 0.6695004755165428
0.3615658846683800 0.5731259933672845
0.3619432384148240 0.5678785920608789
0.3513424796983600 0.5466043036431074
0.3432595254853368 0.5360739189200103
0.0846039080061018 0.8645200803875923
0.0931255060713738 0.8426188887096941
0.0854149246588349 0.8411244093440473
0.1068652640096843 0.7958288579247892
0.3698325310833752 0.9424780947156250
0.2441502888686955 0.0039837921503931
0.2577755930833519 0.0141255457419902
0.2665467979386449 0.0064001253340393
0.2371012079529464 0.9727499433793128
0.2741619343869388 0.0954175435472280
0.3078210980165750 0.0140936498064548
0.3485146106686443 0.0189719577319920
0.2099895237479359 0.9958831565454602
0.1766331731341779 0.0187995659653097
0.0726962776388973 0.0769235652405769
0.1099665565416217 0.0991362179629505
0.2347006145864725 0.0710698978509754
0.2231950887944549 0.0861571037676185
0.2859337113332003 0.1399112406652421
0.2849743429105729 0.1369661176577210
0.3152297805063426 0.1463890345767140
0.3282564245164394 0.1397420640569180
0.3069655674044043 0.1034290236420929
0.2906685485504568 0.1039143505040556
0.3830672837793827 0.5364988788496703
0.2340574592817575 0.3664324646815658
0.7882726555690169 0.3524175845086575
0.0206338795833290 0.4391308894846588
0.0202633212320507 0.4263786862138659
0.3569241897203028 0.5990869931410998
0.3522963481955230 0.6629824419505894
0.3511318250093609 0.6870167301967740
0.2536246888339520 0.7283401158638299
0.4772114141378552 0.3125941096805036
0.5024928618222475 0.2765187672339380
0.5379931889474392 0.2901809143368155
0.4593152820598334 0.1878127469681203
0.3630033023655415 0.1489979466423392
0.3649281943216920 0.1489311172626913
0.3694989529903978 0.2654913028236479
0.2536199905443937 0.4687160586472601
0.6943091617431492 0.0730341798625886
0.7513195988722146 0.1117577734403312
0.7617610956076533 0.1074399077333510
0.8203243752941489 0.1045527770183980
0.6957460171543062 0.1551608990412205
0.6043351106345654 0.0384425101801753
0.5954454634338617 0.0429696810897440
0.6562593569979072 0.0409456193447113
0.6506706650834531 0.0167782788630575
0.7082314412109554 0.8007435745093971
0.3070073288399726 0.2680509358178824
0.3075493911746889 0.2602166905999184
0.2229976020753384 0.9229653100483119
0.2324022669345140 0.9404556683730334
0.2892416755203158 0.9524934096261859
0.2933965264819562 0.9284126737620682
0.2961773588322103 0.9565345300361514
0.7384559679776430 0.8650332454126328
0.7850505153182894 0.8639899957925081
0.7485771083738655 0.6185229974798858
0.6368446354754269 0.6885845954529941
0.6353915915824473 0.6899164470378309
0.7391638711560518 0.7188475898001343
0.7687639996875077 0.7471957148518413
0.7013543185312301 0.6398809535894543
0.6813570733647794 0.6958583979867399
0.7236922036390752 0.7376296417787671
0.7262228007894009 0.7297342943493277
0.7409746765624732 0.7013984085060656
0.7518732815515250 0.6944248296786100
0.7031570253893733 0.8128526979126036
0.2336842275690287 0.6468023466877639
0.1975022733677179 0.6834000314120203
0.1131471358239651 0.7244841277133673
0.1493397157173604 0.7284238801803440
0.1514004545751959 0.7099334602244198
0.2425717206206173 0.5448785093612969
0.1452258171048015 0.7915007846895605
0.1467704072128981 0.7758031515404582
0.1311957365833223 0.7568527876865119
0.1230953775811940 0.7548537289258093
0.0892289297189564 0.7092113553080708
0.0636517715174705 0.7169357759412378
0.0448170069139451 0.7775493797380477
0.1691157685127109 0.8221961739473045
0.1768261184915900 0.8171323344577104
0.1731153544969857 0.8112963917665184
0.0692383958958089 0.7696838700212538
0.0568478289060295 0.7808035342022777
0.1927091684192419 0.8426513071171939
0.1680662888102233 0.8576653550844640
0.2115957855712622 0.8622875667642802
0.2343710265122354 0.8636296947952360
0.2120849338825792 0.8632231622468680
0.2405034408438951 0.8855560987722129
0.2508298903703690 0.8803017514292151
0.1981141497381032 0.7322975071147084
0.3641326623037457 0.7124227997846901
0.3229411174543202 0.7336728693917394
0.0586963177192956 0.2610270718578249
0.1378667866811156 0.2605508931446820
0.1783272773027420 0.1172630691435188
0.1527547992300242 0.1340424043592066
0.2691114658955485 0.2012277711182833
0.2400308272335678 0.2786481962539256
0.2542621307075024 0.3414811040274799
0.2118509304709733 0.3366689246613532
0.2501759871374816 0.3069009862374514
0.2346861241385341 0.3083769001532346
0.1087925750762224 0.2554480084218085
0.0850507735740393 0.2555709623266011
0.1266207718290389 0.2819364231545478
0.1289381671231240 0.2650511567480862
0.0855298712849617 0.3228098109830171
0.0648145221639425 0.3372149837668985
0.1441537966020405 0.3877883935347199
0.1611266322433949 0.3636712541338056
0.1510454355739057 0.3621970263775438
0.0981717954855412 0.4073455475736409
0.1236615679226816 0.3984334375709295
0.1344309360720217 0.4010255369357765
0.0769734496716410 0.4823994985781610
0.8414639714173973 0.2740902723744512
0.8683745667804033 0.2452158916275948
0.8452147683128715 0.2468428162392229
0.8963341463822871 0.2534436660353094
0.8127998251002282 0.3692853159736842
0.8520071879029274 0.3630218382459134
0.8495487519539893 0.3641620907001197
0.8618444791063666 0.4110290440730751
0.8616749153006822 0.4117135787382722
0.8156242184340954 0.3857087902724743
0.8190923950169235 0.3795686287339777
0.8159322938881814 0.4040694579016417
0.8203723896294832 0.4072372801601887
0.8372839218936861 0.3822569716721773
0.8405038160271943 0.3926752065308392
0.9077788742724806 0.7701009486336261
0.9093017342966050 0.7942742011509836
0.9684023794252425 0.2314012211281806
0.9671038961969316 0.2349727672990412
0.9851341948378831 0.2294756742194295
0.9677615920081735 0.2387538023758680
0.4034853701014072 0.2216401784680784
0.4018509380985051 0.2123098527081311
0.4372726639267057 0.1587755028158426
0.4587076092138886 0.1693963268771768
0.5344305296894163 0.2572871174197644
0.4705702345818281 0.2954412782564759
0.4742293308954686 0.4139895425178111
0.4863414301071316 0.4184491741470993
0.4411621647886932 0.4268546078819782
0.3422333113849163 0.4864907977171242
0.3442738852463663 0.5047185672447085
0.3399859834462404 0.5006941582541913
0.3877844433300197 0.5019158292561769
0.3695615353062749 0.5315698231570423
0.3978824797086418 0.5082218141760677
0.3498785179108381 0.5120718912221491
0.3498568208888173 0.5177633948624134
0.3497327419463545 0.5164600801654160
0.4036533446051180 0.5141232374589890
0.4082731253001839 0.5242414721287787
0.3881397082004696 0.3646936349105090
0.4416729584336281 0.3825014689937234
0.4321697696577758 0.3450319599360228
0.4338371041230857 0.3456035808194429
0.3543838763143867 0.4310042625293136
0.4319695546291769 0.4145485786721110
0.4270716512110084 0.3329816441982985
0.4082467749249190 0.3156715556979179
0.4082906360272318 0.3148022242821753
0.4500855917576700 0.3850270488765091
0.4640797991305590 0.3916513686999679
0.4739662117790431 0.3518020987976342
0.4896868790965527 0.3680264914873987
0.4903341766912490 0.3706556893885136
0.4904560390859842 0.3690802676137537
0.3118412848562002 0.2549254233017564
0.5759936217218637 0.1855037787463516
0.5475095682777464 0.1767767826095223
0.5462904339656234 0.1797502217814326
0.5126125635579228 0.1469601551070809
0.5546917938627303 0.1383516422938555
0.5467568626627326 0.1041723568923771
0.5157034897711128 0.1338726584799588
0.5157705591991544 0.1338451199699193
0.5685580063145608 0.2492529889568686
0.5759077342227101 0.2451581184286624
0.5488470171112567 0.2392993920948356
0.2482974899467081 0.1820059751626104
0.2730882903560996 0.0962207322008908
0.2821083567105234 0.1330867800861597
0.4595221912022680 0.1691962960176170
0.4588653002865613 0.1693500562105328
0.4181419769302011 0.0039352355524898
0.3860603626817465 0.9981572541873902
0.2869368912652135 0.0443836043123156
0.3165604204405099 0.9570419997908175
0.7748524427879602 0.5649880522396415
0.8065972523763776 0.5926997871138155
0.8054504434112459 0.5947717996314168
0.8045814945362508 0.5990017571020871
0.9497021771967411 0.5955622422043234
0.0128473569639027 0.6646939881611615
0.0128397399093956 0.6648103396873921
0.0083285826258361 0.6751321062911302
0.0305444786790758 0.6765854635741562
0.0446550280321389 0.6975265194196254
0.0570888454094529 0.6964534420985729
0.0926462092902511 0.6685831630602479
0.0871930147986859 0.6835206917021424
0.0874636934604496 0.6838871964719146
0.1436317425686866 0.6551671954803169
0.1383445458486676 0.6460373941808939
0.7750268292147666 0.5524052910041064
0.1484370711259544 0.5153560154139996
0.1385549015831202 0.5265220128931105
0.1309859664179385 0.5003578129690140
0.1171929794363678 0.5092689986340702
0.1173227818217129 0.5000975872389972
0.1630384374875575 0.5611915234476328
0.1620677416212857 0.5664219630416483
0.1253867032937706 0.5775604264345020
0.1226860841270536 0.5775296459905803
0.1181336822919548 0.7919731882866472
0.1074119196273386 0.7958734435960650
0.7890382732730359 0.3411453652661294
0.7497646627016366 0.3832983991596848
0.7283439345192164 0.3486431520432234
0.7335149960126728 0.3428652866277844
0.7623709309846163 0.3866044089663774
0.7680342528037727 0.3849302597809583
0.8538210946135223 0.4403109543491155
0.7601883339229971 0.6099322082009166
0.7496666347142309 0.6156387147493660
0.7602159758098423 0.5841587067116052
0.7612911981996149 0.5846887216903269
0.7802877328358591 0.5036573435645550
0.8031390681862831 0.5064819017425179
0.7899470315314829 0.5338561916723847
0.8042297763749957 0.5425381835084409
0.8137754418421537 0.5448182688560337
0.8169387397356331 0.5398539113812149
0.8178982594981790 0.5368145857937634
0.7547369101084769 0.4262931321281940
0.7509768791496754 0.4306750749237835
0.7918222916778177 0.4600088931620121
0.7906739159952849 0.4623741237446666
0.7982683584559709 0.4421725545544177
0.6995105955284089 0.5205019786953926
0.6688820275012404 0.4583787852898240
0.4109515419695526 0.0513690577354282
0.4121814474929124 0.0432484431657940
0.4506745713297278 0.0534564401023090
0.4512722587678581 0.0649313195608556
0.5126691262703389 0.1823106703814119
0.4180328513029963 0.0060510840266943
0.4850757780950516 0.0528296763077378
0.0820850352756679 0.8658195526804775
0.1448343992233276 0.8142999929841608
0.1500850962474942 0.8275570035912097
0.3015022161416709 0.8879255854990333
0.2619365593418479 0.9244672833010554
0.2605385514907539 0.9159857595805079
0.2580479627940804 0.9137240687850863
0.1414736537262797 0.6603506966494024
0.1383327064104378 0.7015567403286695
0.2139073368161917 0.7306515779346228
0.2204439372289926 0.7504983167164028
0.2195523995906115 0.7621495437342674
0.0791026186197996 0.5130820323247463
0.0120257535018027 0.3771795011125505
0.9947529649361968 0.3925542386714369
0.9993180746678263 0.3691034209914505
0.9222822657320648 0.5780573540832847
0.9115007056389004 0.5638297437690198
0.9515944560989738 0.5683815767988563
0.9357780504506081 0.5563859976828098
0.9215559191070497 0.5878926946315914
0.9065703141968697 0.6012347375508398
0.8765318014193326 0.5912268385291100
0.8718330056872219 0.5848789566662163
0.7126397881656885 0.6882390452083200
0.1890493643004447 0.5584268553648144
0.1820150353014469 0.5514173826668411
0.2143431021831930 0.5743413693271577
0.4202603807207197 0.5623474947642535
0.2847152359317988 0.5617589023895562
0.2681887126527727 0.4083230411633849
0.6402439349330962 0.5677279504016042
0.6257006286177784 0.5714448355138302
0.5995174143463373 0.6640096607152373
0.8246366549283266 0.2600684179924428
0.8291830096859485 0.2432624080684036
0.6317628677934408 0.2359049189835787
0.6838495780248195 0.2516084108501673
0.6836330490186810 0.2517889160662889
0.6347717987373471 0.2164777009747922
0.6045705997385085 0.2386740332003683
0.6028194846585393 0.2250903893727809
0.9763525892049074 0.2722673083189875
0.0916718079242855 0.1770853954367340
0.0965552227571607 0.1932371244765818
0.1621276033110917 0.4011401382740587
0.2398645924404263 0.5183899900875986
0.2475612806156278 0.5153577330056578
0.2461711545474827 0.5344067923724651
0.2509797385428101 0.5301477322354913
0.2685216453392059 0.5233200713992119
0.1222049738280475 0.2128912315238267
0.0882427738979459 0.2238428450655192
0.0597273337189108 0.2613069871440530
0.0844782704953104 0.2559869729448110
0.0685194281395525 0.2966277087107301
0.1690766636747867 0.3904456899035722
0.1936608033720404 0.3995294894557446
0.7522710764314979 0.5593044189736247
0.7150838586967438 0.0515881595201790
0.7577460715547204 0.2695889293681830
0.7847702396102250 0.0607126734685153
0.8207358254585415 0.0481816818937659
0.7755744401365519 0.0603454688098282
0.7713567488826811 0.0570761335548013
0.7150757445488125 0.0515466395299882
0.7061266258824617 0.6452253609895706
0.7121984204277396 0.6879276421386749
0.6753439165186137 0.6609389143995941
0.6492654858157039 0.6311936178244650
0.6370914755389094 0.6295569876674563
0.6331884588580579 0.6524760273750871
0.6190534075722098 0.6144386401865631
0.6286293163429946 0.6117998675908893
0.5827783395070583 0.4364939520601183
0.3931693502236158 0.3939611292444170
0.3732581106014550 0.3843073439784348
0.3676930696237832 0.3913354994729161
0.4071762186940759 0.4298203031066805
0.3080825149081647 0.3719845607411116
0.3096001816447824 0.3720137572381645
0.3025763011537492 0.3620180601719767
0.3061707732267678 0.3460336311254650
0.3274548766203225 0.3570610429160297
0.3241907991468906 0.3440310030709952
0.3167465117294341 0.3092346629127860
0.3281763223931193 0.3380580458324403
0.3648968902416527 0.3226961414329708
0.2771627926267684 0.3296368443407118
0.3012611905578524 0.3813668251968920
0.2744079339317977 0.3968725944869220
0.2738121335860342 0.3995690585579723
0.6749293673783541 0.2636151446495205
0.6584513685666025 0.3102397765032947
0.6830718994606286 0.2947659462224692
0.6818493830505759 0.2865513816941530
0.6577550515066832 0.2722592828795314
0.6435658812988549 0.2890398427844048
0.6184863171074539 0.2485501712653786
0.6260956902988255 0.2443089764565229
0.6110306477639824 0.2690893036779016
0.6108613738324493 0.2725324099883437
0.8160504801198840 0.8609383685979992
0.8217083709314466 0.8392942848149687
0.8148247399367392 0.8602798816282302
0.7945492330472916 0.8374821122270077
0.8041532316710800 0.7305058785714209
0.7349135903641582 0.9477838040329516
0.7280186072457582 0.9469302592333406
0.7299037515185773 0.9215632586274296
0.7471211592201144 0.9069777217227966
0.7667433589231223 0.9184609630610794
0.8667705669067800 0.8529593169223517
0.8885234270710498 0.8462046298664063
0.8484005832578987 0.8485979267861694
0.8704969617538154 0.8315094208810478
0.8065625983290374 0.8266472388058901
0.8108491871971637 0.8257055685389787
0.8077506013214588 0.7798333149403334
0.8151419127825648 0.7868503637146205
0.7765654441900551 0.7889635206665844
0.7799618195276707 0.7991091057192534
0.7931570443324745 0.8091335163917392
0.4168167742900550 0.9555962465237826
0.4386483125854284 0.8950334014371037
0.5749603165313601 0.9346789198461920
0.5953719816170633 0.9457667272072285
0.5720436943229288 0.9579061614349484
0.5856145515572280 0.9578195160720497
0.5725391046144068 0.9146539000794291
0.6048626792617142 0.8919298874679953
0.7065261299721897 0.8100025060120970
0.7399946325458586 0.7995788631960750
0.7407281184569001 0.8001298743765801
0.5916759918909520 0.8763142093084753
0.5880868500098586 0.8531577924732119
0.5977410217747092 0.8516374682076275
0.6121561373583972 0.8602516190148890
0.7011931689921767 0.5890096258372068
0.5296481992118061 0.6193732726387680
0.5065425299108028 0.6166062622796744
0.4402474984526634 0.6133180921897292
0.4616150287911296 0.6188194083515555
0.9604788899887353 0.9547085119411349
0.0039778314530849 0.8591638205107301
0.9964997691567987 0.8511657926719636
0.4222006276249886 0.8834363783244044
0.4265125226229429 0.8798251277767122
0.4424461561720818 0.8817156809382141
0.4385072137229145 0.8764221470337361
0.4159034155309200 0.9472888319287449
0.4160754713229835 0.9483992075547576
0.0616292373742908 0.8101487101521343
0.0613802878651768 0.8342874709051102
0.6316978132817894 0.6034424959216267
0.8216108917258680 0.8387070030439645
0.4338844220619649 0.1555452558677644
0.8777828500606120 0.9939280292019248
0.8751952629536390 0.9957298876252025
0.1190144326537848 0.4429102765861899
0.5858977374155074 0.8716790277976543
0.5752351805567741 0.8508508868981153
0.5842091748490930 0.8550404808484018
0.6149938476737589 0.8948022527620196
0.6354455738328397 0.9393871102947742
0.6097969100810587 0.8921667714603245
0.3705406577792019 0.8661120799370110
0.3960932875052094 0.8498456906527281
0.3622877511661500 0.8959865805227309
0.3632007676642388 0.8972759367898107
0.4133202151861042 0.8499268123414367
0.4031641376204789 0.8541017656680197
0.4519745321013033 0.7872999785467982
0.4812309327535331 0.7771303802728653
0.4609305725898594 0.7810759649146348
0.4410486472770572 0.0148054070305079
0.3514536099974066 0.0927350297570229
0.3699352790135890 0.0806516122538596
0.3665727591142058 0.0577902046497911
0.3669112143106759 0.0585319849196821
0.3197968644089997 0.8622748369816691
0.3191934374626726 0.8386079443152994
0.2967450101859868 0.8122752248309553
0.6320266285911202 0.0035805923398584
0.6064861544873565 0.0044670233037323
0.6158922452013940 0.0112279674503952
0.5634681298397481 0.0392710689920932
0.3838445609435439 0.0223781594540924
0.3193069649860263 0.9293198522645980
0.3238073519896716 0.9445723653770983
0.2845969053450972 0.4708566500339657
0.1593461728189141 0.4755636851768941
0.1751698595471680 0.4687991961836815
0.3141473550349474 0.5076412945054471
0.3339464627206326 0.5011165840551257
0.3103429365437478 0.4708248774986714
0.3105551698245108 0.4706808810587972
0.1970812082290649 0.5006577284075320
0.0091839297674596 0.4416959695518017
0.5564180654473603 0.8739011960569769
0.0015932398382574 0.7452260300051421
0.0036533658858389 0.6980334222316742
0.0112477962393314 0.7417220317292958
0.0110610066913068 0.7420179576147348
0.9860740944277495 0.8037794604897499
0.9843988427892327 0.7977210064418614
0.9845543277915567 0.7860641633160412
0.9857843220233917 0.7851485749706626
0.7230329390149564 0.7274418985471129
0.7141646244563162 0.7022530448157340
0.7061242011841387 0.7179950689896941
0.6302156776655465 0.3228251002728939
0.6030156903434545 0.3147071977145970
0.5693173895124346 0.2844421558547765
0.6579641285352409 0.2149425186216831
0.6366768768057227 0.2111343892756850
0.4389841281808913 0.7048162766732275
0.4336728826165199 0.7045844816602767
0.4687673288863152 0.6558881630189717
0.4538812683895230 0.6541413057129830
0.4526769623626024 0.6530015342868865
0.4529379673767835 0.6534470375627279
0.4305749288760126 0.7481231677811593
0.4306298366282135 0.7506742877885699
0.4457406767178327 0.7558722386602312
0.4636003619525582 0.7335740013513714
0.4485083071049303 0.7212009739596397
0.2056552474386990 0.6203662240877748
0.1844530086964369 0.6576371702831239
0.2339533884078264 0.6470092660747468
0.2694758337456733 0.6010081388521940
0.2652055902872235 0.6215207821223885
0.2948210323229432 0.6373668641317636
0.3108630252536386 0.6054504141211510
0.4100380702875555 0.7326967371627688
0.4049967979080975 0.7459922526031733
0.3595230844803154 0.7401417365763336
0.3889323032926768 0.7325138361193240
0.3767536859959364 0.7491170268040150
0.3862843441311270 0.7436963156796992
0.3873553217854351 0.7425498319789767
0.3402236902620643 0.7578656831756234
0.3426547378767282 0.7484191649127752
0.3029654121492058 0.6545667818281800
0.3220280064269900 0.7163985117804259
0.3062635276000947 0.6752757648937404
0.7390771904028952 0.3884146201889962
0.7287885460536927 0.4178816026542336
0.5608702842146158 0.2979743899777532
0.5464531162288040 0.3001008965075016
0.6071213742252439 0.4262738977558911
0.5895208162255585 0.4401103600393981
0.1767558087594807 0.0331253618933260
0.1637774249538779 0.0510333038400859
0.1618312883656472 0.0595653103664517
0.2096507332753390 0.9898275160230696
0.1972355796024203 0.9862183185759932
0.1827888037078083 0.9851538520306349
0.1359574841335416 0.0581693509593606
0.0912847956642509 0.1264436533674598
0.0590482451952994 0.1290086233057082
0.1017516588326544 0.1600244713481516
0.0970754590816796 0.1625905735418200
0.1101094547193497 0.3498594088014215
0.2248247959651053 0.9753254267852753
0.2431935200002044 0.9494226085953414
0.3427699021995068 0.9115128903649747
0.2503084817435592 0.7634093558881432
0.2947517579887062 0.8016454663593322
0.2961870844010264 0.8119058010634035
0.0582522267941386 0.6944154805969447
0.0487960407044739 0.6789522895123810
0.3122816239483654 0.5277067308779806
0.3106628360692412 0.5264447741210461
0.3253998274449259 0.5415172821376473
0.3240121472626925 0.5476754782721400
0.3160820466000587 0.5616213190369308
0.2777120901737362 0.5965359865222126
0.3169707541819662 0.5960090712178499
0.3108109717722982 0.6053835800848901
0.3341507874429226 0.5830002955626696
0.3538043966982514 0.5733331916853786
0.3169242374133319 0.5611150963231921
0.1068359171040356 0.8314341322984546
0.1158738762605935 0.8535321205854416
0.1439339898061007 0.8131391957867891
0.1201219016220421 0.8163054955657572
0.0614251694642007 0.8343177589122206
0.0820804696995765 0.8370033607352525
0.0906913143116981 0.8304482377134264
0.3485197434201837 0.9416978526860476
0.3439966000150889 0.9451700381468982
0.3411468674894422 0.9444281042087823
0.2754653415177017 0.0888604440260679
0.3080837463494390 0.1000913050957024
0.3295799908228219 0.0762330933939666
0.2990523215848953 0.0631011857185513
0.2934499110560864 0.0746206932235509
0.1920768690761179 0.0656623498070985
0.2404144916217774 0.1219665079843253
0.2337164555210620 0.1063407696783543
0.2490525352768600 0.0885263788513839
0.2537077476736158 0.3684880661312491
0.2696382370777428 0.3837822629138827
0.2734682278241962 0.5253677065484226
0.3222392592579126 0.6167781958356500
0.3230213322676718 0.6188008212484419
0.0238460451364517 0.1972073712386191
0.0243660921696573 0.1918424128089100
0.2337858697865158 0.3619224068243057
0.7490167040377855 0.2401853690389544
0.7678488639649004 0.4970752680674195
0.0074824977200478 0.3121748089324683
0.0123598801437765 0.3250019534025341
0.0589697542600334 0.3566646068356931
0.3616544443648309 0.6258046082220972
0.3403947697952390 0.6243446914013475
0.3772155221085995 0.6395916212350130
0.3564818722661585 0.6581396199762821
0.2479743664152920 0.7275182905141264
0.2187783923000097 0.6762396546546370
0.2344008290674537 0.6886152615770698
0.2373297640588135 0.6889630907680839
0.2668853283394128 0.7142697102390230
0.0054968204349279 0.8868029313161969
0.4748351066373289 0.2136804303154349
0.4872298007830977 0.2188680928666145
0.4606139117386192 0.2428642367012799
0.4666982374619693 0.2459981809370220
0.3654446715954691 0.2005028864368796
0.3618090376257896 0.1536130122840405
0.3729991086293012 0.1515393599402159
0.3978710069786757 0.2089829503092915
0.3739874968305230 0.2893413209822029
0.4639815629925579 0.2730989288538694
0.4683361570350826 0.2758768678177148
0.4348552487790585 0.2261367829050869
0.4468351048417389 0.2449245979078114
0.4389293123967946 0.2628808806184679
0.6804160345345736 0.0666193945799023
0.6656565316952765 0.0669604679569602
0.6707021647598594 0.0511149459052831
0.6943064550869167 0.0328025924973190
0.6888367186766118 0.0301525071263313
0.7072201992850751 0.0361950332298875
0.7857030532322824 0.1132135097868741
0.7927743000909686 0.1132301210891455
0.7056459821760654 0.1057034966070205
0.7298774602822959 0.0775830817874521
0.6535059676971287 0.0748788397759199
0.6428504989016801 0.0735804806463420
0.7292485930956900 0.1977478191256523
0.7388335517607629 0.2292283014394343
0.6979282251559198 0.1547900491859764
0.7417425895109773 0.1255074476357549
0.6007904256694019 0.0649269102141261
0.6618474770803005 0.0222500564996153
0.6565971856471151 0.0176294490229338
0.6876111051533371 0.0288652966264635
0.6885952816810459 0.0110568320378661
0.6700995885767043 0.9881973911542445
0.6826312376651913 0.9878140196669847
0.6249302213545889 0.0305439392104745
0.6439512926153839 0.0260103342588991
0.6405465351417661 0.0630087959580123
0.6525332673918456 0.0453180298209190
0.6364914847072214 0.0570351695641875
0.6368527736049145 0.0394598974380642
0.6414732115808874 0.0316989724524319
0.4463557684794068 0.1060667133424431
0.4322578068822622 0.1334232632070780
0.0141929325181991 0.0394337538164109
0.6787370585370809 0.8350104442797601
0.6872529529500753 0.8518425817601383
0.3137006151955575 0.2825644304975867
0.3683727630414069 0.2963972946163267
0.2399007189087570 0.9220753423869610
0.2404549960047007 0.9465989756863564
0.2531076110899448 0.9143037528265268
0.9760961374267936 0.9117731694132090
0.7377244264353067 0.8500639551784843
0.7079259790480137 0.8291781370062381
0.7414029305800796 0.8339148038066924
0.3044620761647820 0.9189371543470770
0.3054821144323796 0.9578133351169527
0.4123590339440852 0.8847795261535794
0.3778000965248793 0.9124529873952270
0.6378781620878726 0.9420585990883410
0.6122738614212722 0.8292554144281894
0.6117097316309810 0.8306572153232992
0.6149234308395535 0.8611965840682387
0.6177376452833414 0.8600128046236932
0.1185616832226515 0.7133134379982948
0.1116950572468340 0.6899140460882336
0.3185578356496990 0.7381275508087128
0.2902480713091791 0.7539073762018234
0.2930594084318727 0.7451284062117338
0.2893761435989290 0.7352686924859881
0.3220346008893102 0.7235728991217911
0.0433360086753964 0.2430832218378782
0.1790878875181079 0.1898567269090563
0.1747267171740532 0.2223040538374335
0.1580840668175370 0.2219532686285675
0.1683160576503724 0.1707648863084614
0.1608907217159867 0.1690957343671471
0.3576103835366666 0.2106434230227023
0.2574329806957394 0.2189331657718867
0.2472344287671149 0.2334948871284723
0.2650566049851477 0.2173864252399653
0.2654630029574037 0.2513319989666343
0.2923874729312956 0.2544841538183391
0.2359340270049870 0.2046355442143977
0.2558379119727761 0.2155313827097416
0.2527790691237897 0.1910424949601293
0.2257814116310328 0.3403965774923563
0.2331319397781044 0.3335063296835870
0.2472997803706676 0.3445639780256897
0.0998014435172081 0.3413232008460909
0.0924303065985441 0.3754878498148173
0.1951275495812297 0.4054992643650621
0.8542774717789143 0.2972100570332259
0.8526814859360456 0.2933999600354582
0.8370930233504623 0.3589798845350742
0.8289770744740963 0.3594348013866693
0.8215356606524438 0.3278724884148687
0.8049324750900269 0.3284735667984933
0.4301156743895262 0.2706142852548510
0.4424582449719310 0.3015858260914683
0.4361571224872023 0.3093627607449889
0.4358534589409828 0.2926837876439095
0.4154366785660386 0.3085315257776529
0.4188529700040817 0.3029104690067470
0.3398617741186172 0.2489020831417292
0.3400434637442231 0.2489474313333631
0.3770584282465279 0.2290496085770428
0.3938904516398907 0.2899961746297777
0.4178052679635584 0.2699487921781838
0.4097478869371116 0.2784710987471044
0.5458349951077253 0.1642296682111919
0.5342906543519348 0.1534340493381023
0.5570154255256057 0.1402336694300175
0.5558128706179559 0.1394617848563939
0.5428756638430059 0.2257477103266865
0.5810638107359409 0.2021434211637825
0.2621801132336259 0.1015851809643209
0.2563721772748977 0.1105354856699705
0.4366234897170216 0.1580335902981460
0.4518659098539501 0.0308580906130373
0.4400929745752364 0.0476852969732136
0.4457198928575963 0.1030311067588627
0.4736110414378345 0.0360672350507230
0.4963921215385199 0.1082015216816217
0.4857230240013450 0.1223020600154996
0.4938396180514246 0.0980096624698490
0.4915630151517689 0.0967872976325452
0.4710042150691152 0.1237119282595813
0.4674199370201677 0.1161486932542175
0.4703143534716219 0.1068349529523402
0.4113476097118109 0.0718488406855613
0.4028528085909784 0.0852653842885047
0.7599531528539956 0.5672121145762503
0.1436302952934057 0.7933912847656757
0.2952750332187861 0.7998715557623655
0.9761117319576442 0.9170253265183419
0.7560867599677294 0.4545678594149649
0.7798508952837437 0.4677180643193424
0.7252334081567824 0.5802256606984884
0.7300699399784207 0.5678476537577808
0.7138068547938019 0.5857060533016920
0.6927211128640920 0.5240640989504755
0.6960445272270590 0.5228758740704507
0.7216684252489358 0.4613040066324174
0.7287415477912873 0.4691477708984166
0.7290344589855522 0.4774542194791138
0.6955594597384334 0.4808787635993212
0.6907037680502981 0.4709832188673317
0.7168993256054819 0.4438318812754005
0.7167432848364115 0.4447328045498580
0.7037295068148524 0.4261223780922592
0.6764556157868356 0.4549365465063602
0.4166947798803449 0.0420259244274348
0.6914027370512486 0.3893354150932282
0.7152085804846138 0.3917376780882478
0.5226210139226168 0.0832065467257053
0.4746680129319429 0.0357901863753796
0.4393197833560407 0.0227314443327487
0.8092382559552789 0.7425936183426529
0.8325501058716327 0.7577625201083720
0.2573180377949029 0.3611019677482545
0.2770989732816815 0.3456911791581661
0.4432118937838823 0.5804487864952534
0.4647499613929540 0.5789413091260940
0.2809416309464723 0.5461447993293405
0.2811481845565140 0.5451855727005750
0.5047134915366769 0.6115643021184951
0.5305384157691151 0.5818225860130042
0.4731817201245576 0.5885661023203284
0.4782085106708109 0.6040225003380328
0.4780121031217277 0.6037954969797283
0.6646610125899315 0.5722158628050238
0.7416062979027629 0.5575698711909354
0.7405047584325075 0.5397907295264304
0.8183498908765614 0.1484394776634872
0.8012654448393732 0.1474816610570997
0.8302145730704069 0.0359846297651529
0.7595979336183518 0.1911247449461371
0.7910887522157282 0.1807636024896055
0.7868156943004578 0.1596854052040726
0.5635688651818782 0.0638730383943766
0.5415742709301412 0.0917835242580622
0.5124741988256574 0.2529085653368384
0.6091334209777415 0.1278242408297956
0.6445872373878956 0.1452186619862914
0.6029727312270552 0.1124348808079958
0.0056274798698723 0.2399413373786956
0.9743217565119267 0.2971578359138221
0.9835143210366368 0.4934271641541272
0.9748462343122810 0.4619742310605943
0.0776056896429509 0.3030837404076010
0.0944876158609986 0.2842874201014638
0.1065119456034154 0.2923579444177449
0.6950212104711682 0.6025756909511983
0.9023703110869974 0.2601307716686279
0.9067379420157522 0.2663058708421886
0.9072061101906002 0.2654867316596210
0.7156068461481482 0.0572913200594485
0.7817278613802046 0.2507487628608942
0.7759723772760481 0.2516124299727380
0.7567197924945503 0.2685300076846033
0.7163046726491302 0.2241775279399008
0.7066804720088840 0.2345185212325305
0.7385632479563355 0.0434369961731136
0.7615670973900706 0.0212657775264233
0.7508140809368342 0.0512182035017759
0.7712495885789394 0.0568479984067380
0.7621508378069848 0.0113270983565599
0.7607869252096862 0.0132870352827013
0.6773957880213857 0.1415092835668474
0.6476121908053756 0.1428769798949361
0.9060579116921872 0.2623851541429758
0.9066007582005113 0.2634303844533861
0.3076950183603913 0.4163737567141652
0.2981748194433749 0.4073430728167295
0.3222126744221896 0.4021623039152473
0.3138488912954926 0.3988484756555408
0.6219078782014549 0.2866125020664185
0.6379541987553239 0.2896628999151289
0.7882901423145086 0.8404764097649604
0.7851765865925699 0.8636197277810425
0.8717169382143766 0.7965943510644138
0.8584680086933076 0.7809926073532552
0.8578543504700065 0.7861059282440692
0.8500295665580779 0.8354151132516563
0.8480909103527665 0.8402334814891219
0.4270392283797264 0.8567826983053237
0.4011992036830634 0.8732988683041185
0.3943081612233073 0.9170206810813397
0.4138730668928474 0.9027642426081002
0.2898071382660419 0.7008905098773539
0.2755329303909093 0.7102762341964990
0.4388954602181911 0.8600629030261189
0.5737693712580949 0.8803657519165426
0.6630676172208041 0.5901926839724183
0.6409957890864462 0.6026708611752838
0.5782385794445872 0.2425489947199821
0.6561945052817464 0.1814370006322861
0.8171652094461024 0.2657385286875069
0.7754229884594679 0.1543218044098467
0.6932470423635095 0.1674743350595236
0.7091788768302649 0.2022549405228347
0.6788588440977037 0.1832409813068807
0.6783081656321883 0.1966409287415445
0.2256958938669413 0.7194691221229732
0.3384516749065369 0.0499140329193324
0.3151723465416580 0.0173154075164348
0.3360993089154363 0.0244779479689896
0.3168175925966352 0.0667772786691785
0.3272075625136495 0.0703522050753236
0.6903690656181425 0.9815965723246336
0.7041159204673022 0.0015173749998212
0.7170636444352567 0.0039932748768479
0.5245904172770679 0.0287329209968448
0.5552479214966297 0.0391573640517890
0.3114437235053629 0.9222343689762056
0.3047252802643925 0.9185394605156034
0.9866335445549339 0.5112150867935270
0.9842943281400949 0.5166572397574782
0.0080544436350465 0.8265539533458650
0.9980273079127073 0.8136023292317986
0.6866845134645700 0.5557584022171795
0.6865559087600559 0.5670068268664181
0.5910969306714833 0.2067378121428192
0.4980163408908993 0.6467414516955614
0.4845006733667105 0.6467884560115635
0.3887581727467477 0.6375225868541747
0.3961187133099884 0.6313974908553064
0.3972108592279255 0.6771780201233923
0.4205400065984577 0.6691295411437750
0.4225478542502970 0.6662102811969817
0.3843642014544457 0.5859845646191388
0.3106692610308528 0.7790542712900788
0.3215732839889824 0.6399049584288150
0.3385656508617103 0.6547198167536408
0.2837493999395519 0.7026733472011983
0.3051347031723708 0.6751564380247146
0.7020072487648576 0.4215846033766866
0.7215464077889919 0.4155805155169219
0.6860632696188986 0.4043943898286670
0.6866327181924134 0.3974113315343857
0.2238687607459724 0.0426458369474858
0.2184866329189390 0.0442779429722577
0.2170890739653260 0.0183310052379966
0.1776001348625869 0.0219165661837906
0.1212231358513236 0.0665264730341733
0.0576199276838452 0.1825593363028020
0.0652629078831524 0.1696845253463835
0.0918026210274547 0.1678610248491168
0.0585405924357474 0.2072271374054253
0.0647014810238034 0.1960113740060478
0.0732065138872713 0.1982922290917486
0.0829505186993629 0.2111764559522271
0.0866594037506729 0.3200189864728600
0.1029436460230500 0.3128453481476754
0.0630263483617455 0.2185157837811857
0.0831101383082569 0.2174561817664653
0.3466284906025976 0.9276641272008419
0.3485276247374713 0.9112599750515074
0.3477844775188714 0.9114610627293587
0.3291881640907377 0.9281021440401673
0.3337207923177630 0.9308236881624907
0.3012089347466826 0.6572610856965184
0.3010507465805858 0.6589620788581669
0.7663506702519953 0.5417479840107262
0.7642084078397602 0.4991322569549084
0.7712040236219764 0.5323069284204394
0.7679366483353078 0.5358955846168101
0.7285113378893584 0.5116471513174474
0.7348939613439143 0.5037998929619789
0.0014792450238019 0.3549441460054368
0.0883355385158211 0.4028422052506357
0.2520673293620348 0.6446577168535441
0.2593965763226151 0.6362225441262126
0.2563780765049160 0.6546087528113276
0.2551771055441350 0.6753154906909913
0.2741469298489392 0.6666401575785130
0.2802192233502865 0.7048382363282144
0.9796568388119340 0.9055219171568751
0.9856950254179537 0.8982535577379167
0.5001837450545281 0.2311810075771064
0.5324683710932732 0.2103787194937468
0.4806329517159611 0.2631615533027798
0.4749103228095919 0.2491764831356704
0.5011473402846605 0.2715677788946778
0.5086786064784974 0.2530207447707653
0.4997424376197159 0.2342760555911809
0.4480242847930640 0.0837137508206069
0.4438433488830924 0.0772056949790567
0.3698081490583718 0.2652273091953248
0.4048325233161449 0.2538907569833100
0.3834490836597979 0.2301826148759574
0.4019228357356042 0.2240705906879157
0.8735651178285480 0.2608702548313886
0.8690795213915408 0.2758128803689033
0.8571746356319636 0.2704405176918954
0.7174081418197602 0.2118754892144352
0.6387004950083792 0.1744797399733216
0.6702760912012309 0.0930551982019097
0.7040187150705606 0.1054017986170948
0.6922814592253417 0.0868203358259052
0.6980530822183937 0.0930801101494581
0.6455130600370467 0.1223593759350479
0.6837442931719124 0.1211663985159248
0.6703680739738047 0.0952814549673349
0.7280072590801865 0.1757213270757347
0.7147454360965639 0.1651840261183679
0.7513535590842366 0.1623090803623199
0.7542102718725801 0.1501167269889265
0.7548478953540325 0.1511653247289360
0.6363747604191303 0.0794419648591429
0.6312465926166624 0.0786312790587544
0.6331751856487244 0.0949665480293334
0.9591760376933962 0.9666995445732027
0.9873171090148389 0.9892033096402884
0.9904619241133332 0.1628957127686590
0.0089574453886598 0.1369639432523400
0.7396300274413079 0.8306801626458764
0.7397456741891801 0.8307085763663054
0.7041124959941953 0.8308267318643630
0.7084697710815817 0.8475999503862113
0.3672200550790876 0.8988097868859768
0.3130415806081146 0.2039332229178399
0.0878263784106821 0.3786339301150292
0.0697643419262022 0.3636013031937182
0.8942791800945997 0.2716431810986251
0.3573498488403857 0.2117580999620259
0.3518910387065262 0.2168769976124167
0.7667774893343449 0.5467191643547267
0.0202432461082935 0.0593446088023484
0.9998383601196110 0.0634153746068478
0.7649138593114913 0.2128350976854563
0.7587928627617657 0.1925598944071680
0.5474109465721995 0.1019572555087507
0.5106132375076413 0.0510933764744550
0.5224825337063521 0.0748744693119079
0.5314461411908269 0.1952853323891759
0.5328327566385269 0.2001682717818767
0.2730447438079864 0.3772291506174952
0.2916960022412241 0.3596319430507720
0.2780217810068280 0.3475273679941893
0.5406673399265856 0.2231673712376505
0.5799550383817405 0.2319229522254318
0.5622080592438579 0.2196805658750236
0.5825769042130560 0.1543481305707246
0.5833489270880818 0.1547193170990795
0.5865918793715537 0.0876277356874198
0.6439047802705318 0.1468056251760572
0.0108428855892271 0.2061005313880742
0.0054687040392309 0.2261016468983144
0.0089667716529220 0.2381845051422715
0.7289346659090370 0.0735085883643478
0.7271166758146137 0.0718803163617849
0.7695547346957028 0.2349321402143687
0.7859482481144369 0.2408328722231090
0.6751593826338649 0.2022456470876932
0.6683986829593778 0.2052346412092447
0.8152085053734481 0.0072318990714848
0.7582972198724747 0.0135544647928327
0.7089799880050123 0.0377154892776161
0.7930348049849272 0.9953430024906993
0.7892998598981649 0.9951153439469635
0.4344681515358388 0.6026910652872175
0.5719060623086989 0.1424371609464288
0.5776515170000494 0.1195585019886494
0.5474309101700783 0.1021878863684833
0.5866708704270422 0.2071760464459658
0.5862565559800714 0.1588541520759463
0.5878426171839237 0.1597047366667539
0.7850802466273308 0.2185996649786830
0.7755306402686983 0.2191141825169325
0.5942019452340901 0.1074704776983708
0.9831837348174304 0.3462901227176189
0.9834544116165489 0.3396454073954374
0.7193466417957097 0.0014284986536950
0.5896127538289875 0.0930100372061133
0.5865637699607760 0.2071240302175283
0.4448492994997650 0.6452542506158352
0.3975508287549019 0.6295673209242523
0.3987085537519306 0.6240404397249222
0.9745390054304153 0.2654415396973491
0.9743074302095920 0.2688871945720166
0.9986888950224966 0.0048811794258654
0.9962581682484597 0.0239236147608608
0.9915391996037215 0.0215183664113283
0.0097839145455509 0.1250031951349229
0.5867506493814290 0.0890289638191462
0.0208904279861599 0.1144414509180933
0.9947479215916246 0.0860067550092936
