0.3185689524513237
0.6674103799636817
0.1317978624043922
0.7163272041185655
0.2894060929472011
0.1831913620071168
0.5865129348100832
0.0201075461874936
0.8289400292173631
0.0046954761925471
0.6778165367962301
0.2700079731921649
0.7351940221225949
0.9621885451174382
0.2487531435199580
0.5761573344178369
0.5920419312718390
0.5722519057908734
0.2230816326406183
0.9527490115169850
0.4471253786176274
0.8464086724711278
0.6994792753175043
0.2974369508551337
0.8137978197024772
0.3965057408469846
0.8811031971111616
0.5812728726358587
0.8817353618548528
0.6925315900777659
