0.9694261104491182
0.7217836862558793
0.1818916628118568
0.8820283735883796
0.4770215147650206
0.8468567539336250
0.8309075329433695
0.0173505739739180
0.2336618912506639
0.9110916098645198
0.7697448845873984
0.1353255573942105
0.2122923786341646
0.6186474235329565
0.2786958815178820
0.2042724340519003
0.9834117024378142
0.4586204250417635
0.5194202544811295
0.6522386157745970
0.0757350708914213
0.3965311248297781
0.9054281437650115
0.9432176081753221
0.4952619679875536
0.8922126968351126
0.4990349521898566
0.9856105485583913
0.7871885314758489
0.8303102080431305
0.1864316903673056
0.0044877270466585
0.5049502963170092
0.9828047230974133
0.9672582854019769
0.6141855712033376
0.1846555175396247
0.0089749936919196
0.4964930063335642
0.3019482479794812
0.3367892082693421
0.8332721011758102
0.0893442487560625
0.0907001719716611
0.4426388032643136
0.4134377671270663
0.0638842128063606
0.5455003783314707
0.4320297412652965
0.9930576620805975
0.0660862939659587
0.1174196161705018
0.1584237130265126
0.3248608773710219
0.6644969195907892
0.9665053090446619
0.9076917805884289
0.4421046609644812
0.0709231917904811
0.6449385358363221
0.4176782160927607
0.0233385836057618
0.8173743844939124
0.5292555761613386
0.4378717586742011
0.7236449912213718
0.8581785832977105
0.9322338650022518
0.3316225147500692
0.1838256504422638
0.3303084760551016
0.9763051517404363
0.0984787591344889
0.9502877877345376
0.6184667351857659
0.0096817943575381
0.8591458837012524
0.6811828666716080
0.1446261110903171
0.3413508213082909
0.8728827742977766
0.7286361642337141
0.3186569175474903
0.7942142312546131
0.2548057200598258
0.5494179193707601
0.9335663450893146
0.4362202338547199
0.5562477119941635
0.7761949904022367
0.2037370849427185
0.4490586116261571
0.9200544112409570
0.6518431876009020
0.7013808175921062
0.9622439636176056
0.5889041199487546
0.8705375126590927
0.9924268403088791
0.6762613364598459
0.6847795156528420
0.1810292481348639
0.4630704743600634
0.7378307490454014
0.3425795270084948
0.1168324993064914
0.0209235985467775
0.6687287716535582
0.0332752600659765
0.4882502076575330
0.8827099050829721
0.8239955371870491
0.7193803881380162
0.8597509048845804
0.7484350335637161
0.0181662769081247
0.4712208007067391
0.0146785922107550
0.5550699699802132
0.2361706392359384
0.4411076044009019
0.2040199341626198
0.8192614010149382
0.1843203838234168
0.3263676689853695
0.0151758881750466
0.3095838554854858
0.0262356194483843
0.4499865899185349
0.0269584780781101
0.3881679488613046
0.6065419768098086
0.9100193422904738
0.5536604456342472
0.5150911290040044
0.0472111185154427
0.3742552904100089
0.3935963936027561
0.3236670601191257
0.8892223682191629
0.3957556084053390
0.2109291967142548
0.7850164442092497
0.8125250923328344
0.3454095611702911
0.8213704309787433
0.7056647461286186
0.1100065298338744
0.3681384172647107
0.8520789460916225
0.3729454043265978
0.8650782785078978
0.4454577430684099
0.5646211046639819
0.3893887276670218
0.6133704728521987
0.5240250688973943
0.8425012132765874
0.9673597762043483
0.2891942492620045
0.1542731685932784
0.3275330777333553
0.7124729175130995
0.2107457327243148
0.3219275992361880
0.9349734417494894
0.7533697133957307
0.9535349804788726
0.0866959906508085
0.4873894053866992
0.9046254044238266
0.4394472031813360
0.6893358257331365
0.1702603916807196
0.2467581200597501
0.4235009019234884
0.3138057426539579
0.6438763496197488
0.8264304805686961
0.3580935675929433
0.7632201092620299
0.2801613087244167
0.4030862451485145
0.0355662677031475
0.1446156880223264
0.1124346396495650
0.5769330707986522
0.6276503051253595
0.0553816611151204
0.5585935441573348
0.7531523575612546
0.5041260198551052
0.4616794575286648
0.6342850396772798
0.3824967786610908
0.6075551137833874
0.9245890298490194
0.8548917098483373
0.7377419944165572
0.8735414204506152
0.2997480561228962
0.7504558769015732
0.2915551876548209
0.5163482523168059
0.4877866820903365
0.0474373276178649
0.5703830537165403
0.5049034978961751
0.5191627924462500
0.0318486963646570
0.3741954060549407
0.4231724643456919
0.7363307767417027
0.7344781577852461
0.3816525531569165
0.4036686274715316
0.7107887972720726
0.4195952931386384
0.6065839617654382
0.2673617898408667
0.0538297661732308
0.6942851538477007
0.6688183709407054
0.0833659685746594
0.0244313009720406
0.0024532278431566
0.1298919801705488
0.2119412204661048
0.8570165812347018
0.4333450580921426
0.6521788353617424
0.9697470297533787
0.4420185349499763
0.7989535946525336
0.3861090942322900
0.7414681846936081
0.2640809889809927
0.8878268357040655
0.0521948499329817
0.4523148097169598
0.9885988894497906
0.1437330573898227
0.1012728189085945
0.3318866049217822
0.1360582265469011
0.6777646223253521
0.6144323883128991
0.5261601439121769
0.9702977153681438
0.3159683789892314
0.4440430857142691
0.4633175126806167
0.7050757517763533
0.2273566341680338
0.7555335598693345
0.1853139423109479
0.9770440605211997
0.9524308323863582
0.3995257090180996
0.8798512313590081
0.3943108803222533
0.5412030423000603
0.7476883202594083
0.7586052020447807
0.8858621723441928
0.4617678304101389
0.5937441410727123
0.5698884465529561
0.5055682015111103
0.6946720255390790
0.2595844066968926
0.0652975951932000
0.5186994925715597
0.4283662170455446
0.5271916045074769
0.6129002531267836
0.3649277358633523
0.3069729882086937
0.6757219862212230
0.4004846945026711
0.8331343234149767
0.7622741186745701
0.9013508108034248
0.0961828692279212
0.1608882661868188
0.6078617800234376
0.7084645294200457
0.2109434737951642
0.0242898311025582
0.8615715283656807
0.7781777415011795
0.9211508164920680
0.2896984739995582
0.5097575132454062
0.7268265906832714
0.6258474533930063
0.0124294920544381
0.5098634265562200
0.9818620310528068
0.2323348440630368
0.4559302564315312
0.8075132942749587
0.2661197734361948
0.4066880211309922
0.6904523304525022
0.4498929164560284
0.9540749259461345
0.8501957517361964
0.2899792040484186
0.0005569228429945
0.5362318359228028
0.8532597103511277
0.9091774125590635
0.1220230570235887
0.8914020772027028
0.4976768514239405
0.9792016344368606
0.8017114664553150
0.1665933594932953
0.5269861848015492
0.8812777880711753
0.8134594297783143
0.9681127480549373
0.8342100966226719
0.9911461348372230
0.5246182760801408
0.5962679167210166
0.0698509094207479
0.3940614523537443
0.3155081327349867
0.9170210187046041
0.3312259522472256
0.8861157609173724
0.2391986500417969
0.5819914983809131
0.5346457749167119
0.0984613319074772
0.3171464606929545
0.9858164804720150
0.5944797431076150
0.8265578490652855
0.7194820100423570
0.9003291060443889
0.3444838798323001
0.2210643426292688
0.0715027780617856
0.8417547062674980
0.5228230201198529
0.7192889217072378
0.0640778636723798
0.8465419244705706
0.5826958095094026
0.1177942213513447
0.4984869976830810
0.5971093841563031
0.3407551072265892
0.7111161588001261
0.5813336720320100
0.8404138195246180
0.8634835718725203
0.0622423745799850
0.6464803302910517
0.7226110840653825
0.1426222317178287
0.8834484303632434
0.8564742045857694
0.1394923668730138
0.8832824831416520
0.6466426931814063
0.7867833270660030
0.7985509043845930
0.1618320347562937
0.0626723835360671
0.6369880065779085
0.3372488350007812
0.2604591290785376
0.1298652787947143
0.8593771845079886
0.5714321546630285
0.8367099097145304
0.5567509691664998
0.0485130296971259
0.2195112302628685
0.8172029093640779
0.1912595442380283
0.9123121671631395
0.3197528898798201
0.4223758016337655
0.6620609809020108
0.8000588294633875
0.7655903387323995
0.8163850237185675
0.5096279591612276
0.3218967026382056
0.2149223847196856
0.9592062198779064
0.5737193681752892
0.9689680153233435
0.4933730231556257
0.3751490446749678
0.6113306787550612
0.9931070720958934
0.8647138676967140
0.4095564737246365
0.0429974190038893
0.4086923030113152
0.7586790083856582
0.0017229166018576
0.8326676571651215
0.2603327846714448
0.3661501386854662
0.9206833748050351
0.3741263956173901
0.4781886880272319
0.4439031906052603
0.3629122213591911
0.0814689981211386
0.4238678796687135
0.4931479209528454
0.2183059992393123
0.8256514047660066
0.4945765479488367
0.2385685531455106
0.1003639731373075
0.5778269674745197
0.4785669790382040
0.7152245719613073
0.9883309798270520
0.2004329623579594
0.7331610574091124
0.4315101834319865
0.3953122764128624
0.2889682736185418
0.3575522277557820
0.1178535234363788
0.4553932160530784
0.5875760222524959
0.2795424763557705
0.4536721407365061
0.4720386552310147
0.6595995174820460
0.5835281216099054
0.9434855899426750
0.5260611820626918
0.6073475916876877
0.5306005367683051
0.3451007624155403
0.1621987809209285
0.0163852904565551
0.2220574979453293
0.5583037586386526
0.0274584598353658
0.3178664758863855
0.0409936499419168
0.6865682754557862
0.5134588801603875
0.8923095908817370
0.6296157906003303
0.7039849884604883
0.8822272184036022
0.8966201770566310
0.3687175633475661
0.5848425049041038
0.4035459546880974
0.5663963133023534
0.9411954037870559
0.9931618153300109
0.4717219125930506
0.0645512110481838
0.9599411443105338
0.1184975627064678
0.0243923796786949
0.6986243841698414
0.8490776722121535
0.6176593151946683
0.5936735172136930
0.3285970240613242
0.6257154066460968
0.8246614740194349
0.3268456047703813
0.4608191548253223
0.6422150369323001
0.7816228739774939
0.6376207589931936
0.1572130824652442
0.5298228172127941
0.4353774330980534
0.6455357354973094
0.6459880324294153
0.0974168789194148
0.1386567853975963
0.0875165833119156
0.0959003575194097
0.5243064246567026
0.0027307566387911
0.7827751474685860
0.5686535841646024
0.7210298600288851
0.4805944053442303
0.9066894520698811
0.8228227779001537
0.4983413709934440
0.2442017530423715
0.1264919641843257
0.8430764856612587
0.6768731429921081
0.2651718003383211
0.7261001935481565
0.3079769091387611
0.2547751099315611
0.7391837769447855
0.7395376725971005
0.8238698996564305
0.8497774882912759
0.5467574934222864
0.2579685078513152
0.6055241818366396
0.2989224525873397
0.7928871080980578
0.1189269600646714
0.3263800462283796
0.0380012960425565
0.4454509988475269
0.1400481059171814
0.9726741733814045
0.3557391527478021
0.7898697198458039
0.8286789623468034
0.0920332632066153
0.6686340432730140
0.3442572534502256
0.2980996361883593
0.7544005131928914
0.2542671518395965
0.3098431139006013
0.7567699846406831
0.3495533039049514
0.3924410540226200
0.7409710411104160
0.1384654588991112
0.6928729775775760
0.3231428910038664
0.8441050416602776
0.6183523600322371
0.0076742434212348
0.1321843691411526
0.7505105594002262
0.2197944891457175
0.0170485483766035
0.7384331995626300
0.6725772565590844
0.2232694280031168
0.6259015167447799
0.6271879931623096
0.9393851189212586
0.0977425381326098
0.1714400314193795
0.3021442564344066
0.7664371666726416
0.4718889190305443
0.3681880752558324
0.3813394380761715
0.5080681959784534
0.3249121325850717
0.6817300106410893
0.0251324802507581
0.5978011096257816
0.3604520434026520
0.4788993632455274
0.7530044427326266
0.0354901182159170
0.2165741318710829
0.5114430419998149
0.6172762816858918
0.1851468799546605
0.1950655608554163
0.6238037541920043
0.7237675222974469
0.4499077391874692
0.4459100539202617
0.4001661566158199
0.2524451518031570
0.9855897309270834
0.6258655922760388
0.3562606530427509
0.2558126837341269
0.2513986746523053
0.3174526839291217
0.5546896296649920
0.5816754069334023
0.6617119262885411
0.0237286113419140
0.5768200125070772
0.5814687145820552
0.9192657240732276
0.2315457346703513
0.0433053497377377
0.9457415000783218
0.5633361225045622
0.1040276605564473
0.3261779160195780
0.3914953523888315
0.7679757451774172
0.2643228892430389
0.9497180114795494
0.5723539582716759
0.0952162585143013
0.5075323122052323
0.5837462836170849
0.9587495265315351
0.9121162666174077
0.9405844749675928
0.6470174670471611
0.6427787015656174
0.6846254925195339
0.0489771189023671
0.2643953550636965
0.2546519695829612
0.7811615439495410
0.1705722883554094
0.7437708177855963
0.4179428325700137
0.2709355081941106
0.9038631699279814
0.3021557893107186
0.7734543778000890
0.7582784081510501
0.3764733441475679
0.3259175880343707
0.0035111220533112
0.4630804713647860
0.1776346854181542
0.0108926478995448
0.6157969614708635
0.1255659910661288
0.3062460003450856
0.7144001771914853
0.7450385835177298
0.9519755842377198
0.9081178081844145
0.5151426504412223
0.9455206543749267
0.3423161408080545
0.5505341834291867
0.5442227093089362
0.0222723989594347
0.0353933604123681
0.2380615139619596
0.9312917164608251
0.9042753127961064
0.6365851877159826
0.0665597423644274
0.9525260792323879
0.0660737308466869
0.5056969937051605
0.6204591054250037
0.7097237154731342
0.9255147552331661
0.3436081618696637
0.3740874624956489
0.5434716361239457
0.2494184510446530
0.5479286107709141
0.3479558292713203
0.9292974570190583
0.3079852881379186
0.6339894699850550
0.3855074844801079
0.9858973132098474
0.8917714719597692
0.3180188453772522
0.0056409430701098
0.2962199276969123
0.4936423815063314
0.3363156537616390
0.6585723312243075
0.3316550773417420
0.3282442951228073
0.8959048252859064
0.2907783962449625
0.5921557295275154
0.5203999864906869
0.2589274308413057
0.1498025203491892
0.3542675530679584
0.3188192583892810
0.3595750876828701
0.8127969381221160
0.5335896002957664
0.9738205955601448
0.3023023032406164
0.2480839589878104
0.0438860681728662
0.8627437851624850
0.4778901810671402
0.2957351541485348
0.0279206115714195
0.6229038151608430
0.2984236553244463
0.6511761366236841
0.1119694989963815
0.5179742532701371
0.1369728808378721
0.6541307646561245
0.7363640093616612
0.8013400329832390
0.7932732052972520
0.8778527938337860
0.8617303414860361
0.8101368743914333
0.2494756577531397
0.8755451280320969
0.4857469031031407
0.1352144797717026
0.8096457355925276
0.8104991770941031
0.4383598839103949
0.7135788841366436
0.1079141670889145
0.1215998622593315
0.3983145703972154
0.2366949444348597
0.8651600818922079
0.8645622241937175
0.1399442715519102
0.3109744792503318
0.4505676290500065
0.1233054716679205
0.1194180306712129
0.4746669570723675
0.6071247909200169
0.1686224990610693
0.1533966189619045
0.6996595703389186
0.9166435615178423
0.0012478815079449
0.7651350343933778
0.0109983504767633
0.9409394021145302
0.3472807858772546
0.7694624894896683
0.5225494658307095
0.3683098016036073
0.3864608518521098
0.6855009497602483
0.8829719633171793
0.8082118293126789
0.3446426513715585
0.7623625637629308
0.1694171758864311
0.0009137343794487
0.6891424528247514
0.0841682627594157
0.4037229149700937
0.8189563702191180
0.3845928208103517
0.0527893401775048
0.0179475400511330
0.9071303695797059
0.8194831798689688
0.6539860700298593
0.0084770956719968
0.7642356357717833
0.4323324265935715
0.0830241498026507
0.7555652796050191
0.6936214622355715
0.2125707493961624
0.3246534965065804
0.9617890386357487
0.1162637615211315
0.8157127766776923
0.6507008691218561
0.2244720928697416
0.5692808812914704
0.5757732140738061
0.0470210678057198
0.6885716593934340
0.0509692503636977
0.5611669570981033
0.0437510271875735
0.7870546680884440
0.9680700315319523
0.0679620372819680
0.8785880895495300
0.7841073484883612
0.4106201125938767
0.1730567097752740
0.7419786417388579
0.7349200237409537
0.6637104565149559
0.3120209358528121
0.4544138285930448
0.0123127524050407
0.3379239784425020
0.4875026115914671
0.2576917351204135
0.5634257197193675
0.2677134504050898
0.6480806975023382
0.5793308959512607
0.8639658077923712
0.1943641480430212
0.7593361213597073
0.8740903372019763
0.0420775833575435
0.4173126590511296
0.3475219430726760
0.0225831832578270
0.7728225247934511
0.8784950500246382
0.7658504010308138
0.7246167244129170
0.3541532828660287
0.2448774163162207
0.4970390743299001
0.1006264656610568
0.6391625483994722
0.6100395411151724
0.9021700123102793
0.9062146976016475
0.9661194919462148
0.0681769223114145
0.7249753324900206
0.3133736830249245
0.7306332847137783
0.5601384178710076
0.9821118199883732
0.4722055091626468
0.1187173678002692
0.6280672394362792
0.4406120353234416
0.3316874406373796
0.6046595814301613
0.8482728507618040
0.2425626961803279
0.6747089882460648
0.7352147988043288
0.9627158667843748
0.2167631788854555
0.5140504473069565
0.7004791791730106
0.0489981809085891
0.8700433033191735
0.3410626952942271
0.6757549425545216
0.4041973969938822
0.8978162546064380
0.8070806111540867
0.4673763566683029
0.9485571598021258
0.7690916940670174
0.4328468663690975
0.8868877693895382
0.5292043151719973
0.5592106574508816
0.1097149909068136
0.8934522707881910
0.3920226097209490
0.4803119429303421
0.9877618285048249
0.8257569910871116
0.1151751344891105
0.7733858338636622
0.2355461419253864
0.1656850291696267
0.8204612816064176
0.5373201139506676
0.4718772152286749
0.1082815784883722
0.0942830096275995
0.4006354883802954
0.9408310524031540
0.2196379204283931
0.7208070732966336
0.5350497723519575
0.5520682739202116
0.9511540516617372
0.8599481946024264
0.8493817230818982
0.0519267847157939
0.9882363746769364
0.9441416357536944
0.1087451241380010
0.5504955501793641
0.0264414872122246
0.1066059803043043
0.8670895276732064
0.0430410061088154
0.2585799670896097
0.4916333165149464
0.2612060900667432
0.9337112793661483
0.3243724855727051
0.7147170314719794
0.7732484555957360
0.0488364091391421
0.3849551444163045
0.1966697218340449
0.2565487032572402
0.4110488084028410
0.0556575013780706
0.6120057902309736
0.1916370069734882
0.0846876106607241
0.4460232884987823
0.3404833771464497
0.9749777218084337
0.8009072240932449
0.2703929891977346
0.5915414140421549
0.5346492790691406
0.1847351922832270
0.7646425647467900
0.7007535961639998
0.1279794729582070
0.7248096427440998
0.6286558933070541
0.0097903835278260
0.0516118883798593
0.5472732193184908
0.0907344305717679
0.6069860518872870
0.1728547639482312
0.6869288211329951
0.3698298555273790
0.7414756016141971
0.1915754068516379
0.6534790871822794
0.9725545955493038
0.4888494807204649
0.2791663989741439
0.3148482602086801
0.1899734608709585
0.5731765429447360
0.5131605702372687
0.5499003009733100
0.6833418740143179
0.0179095736578601
0.1258965599291912
0.2133601348097428
0.0068659358014865
0.1855097545415857
0.8454690707495839
0.6499557149386368
0.1611298080399247
0.0356602093245428
0.2493371178530096
0.7133898051796623
0.4459968083010423
0.5355005944548842
0.5355995084398805
0.2355996084496345
0.1687633649127016
0.1580005252907530
0.9642535280109172
0.9395160834150770
0.7477574787618311
0.6472666705012301
0.2249714341780279
0.1167901330155258
0.9345616865128943
0.2806382352341144
0.1894227694955879
0.9247607103391693
0.1562531281100237
0.2980572289327882
0.1781115226821902
0.0147877436397107
0.1840877280697346
0.4542041583747614
0.5307028743445398
0.1678101659930801
0.7166375772308109
0.5355128199883857
0.6005447580127603
0.3193214177321867
0.1986218755703946
0.7966932559195194
0.3530452605777371
0.5218926936880766
0.7414858555996469
0.8753287094058254
0.4484979751600694
0.9724674303352216
0.5276250462871219
0.7936027692959616
0.0771051583876765
0.0928865373877168
0.6142973029161799
0.3853705120138173
0.7640325151880671
0.5718089377814066
0.6179064663395966
0.1675480197415384
0.5517743792179718
0.5446990189007901
0.7375174974979116
0.7030998563050425
0.6228785810584808
